 -1.209838 0.000100 0.000100 0.000100
 -1.919934 0.000100 0.000100 0.000100
 -2.047379 0.000100 0.000100 0.000100
 -0.853163 0.000100 0.000100 0.000100
 -1.102823 -1.834684 -2.336774 -0.887304
 -1.543298 -1.871800 -2.459582 -0.603293
 -1.200742 -2.332138 -2.069776 -0.742911
 -1.552279 -1.957744 -1.524880 -0.845340
 -1.205585 -1.669157 -2.560126 -0.832910
 -1.368903 -2.433607 -2.338298 -0.577317
 -1.203973 -2.148431 -2.302580 -0.727050
 -1.658228 -2.027587 -1.355947 -0.867101
 -1.114117 -2.181955 -2.328557 -0.773191
 -1.234745 -1.867265 -2.754560 -0.711498
 -1.186318 -2.236136 -1.984823 -0.797661
 -1.780770 -1.959818 -1.327296 -0.854692
 -1.188860 -1.786695 -2.064326 -0.913757
 -1.466337 -2.341799 -3.258075 -0.454738
 -1.252763 -2.456730 -2.051268 -0.693149
 -1.783391 -1.926491 -1.560247 -0.741938
 -1.071802 -1.919097 -2.270494 -0.897448
 -1.414732 -2.475597 -2.726908 -0.498444
 -1.019832 -2.606789 -2.164960 -0.796689
 -1.910191 -1.964258 -1.596534 -0.675129
 -1.295781 -1.720663 -2.302582 -0.804374
 -1.227825 -2.397888 -2.515670 -0.624830
 -1.592630 -2.131624 -1.592630 -0.745335
 -2.036881 -1.857833 -1.468898 -0.726961
 -1.243194 -1.791758 -2.484901 -0.773191
 -1.438480 -1.937469 -2.285773 -0.659813
 -1.393412 -1.953025 -1.904236 -0.774374
 -2.310447 -1.837161 -1.470698 -0.669921
 -1.245937 -1.848111 -2.904155 -0.693149
 -1.601405 -2.047690 -2.181220 -0.586177
 -1.432104 -2.125248 -1.719785 -0.770707
 -1.950998 -1.865476 -1.533700 -0.718856
 -1.092182 -2.047690 -2.645523 -0.766760
 -1.662547 -1.920374 -2.450999 -0.548900
 -1.617100 -2.167144 -1.656321 -0.700812
 -2.152772 -1.854279 -1.690954 -0.610777
 -1.346021 -1.487099 -2.498694 -0.840473
 -1.368903 -1.963607 -2.433607 -0.658663
 -1.601069 -2.294212 -1.734600 -0.651991
 -2.348990 -1.894736 -1.442751 -0.657974
 -1.161626 -1.984823 -2.677965 -0.732064
 -1.524444 -1.875841 -2.422380 -0.615591
 -1.588531 -2.316765 -1.820331 -0.625095
 -2.232760 -1.968609 -1.539614 -0.618684
 -1.070442 -2.169050 -2.744410 -0.736951
 -1.494775 -2.107876 -2.475597 -0.561957
 -1.601715 -2.087221 -1.724317 -0.700931
 -1.967467 -1.984562 -1.439835 -0.721996
 -1.030895 -1.760408 -2.658344 -0.913112
 -1.376632 -2.069776 -3.536087 -0.523857
 -1.652922 -2.309698 -1.857716 -0.592053
 -2.052110 -2.177273 -1.518028 -0.617961
 -1.290984 -2.302581 -3.129252 -0.542576
 -1.459625 -2.197219 -2.197219 -0.606138
 -1.378197 -2.614952 -2.104131 -0.592678
 -1.887550 -1.953147 -1.623966 -0.674100
 -1.297215 -1.862527 -3.135482 -0.638754
 -1.558144 -2.356645 -2.251286 -0.528528
 -1.609437 -2.179979 -1.800491 -0.650589
 -2.067799 -2.086491 -1.422055 -0.676887
 -1.235188 -1.904236 -3.850117 -0.618028
 -1.514127 -1.832579 -2.040217 -0.713352
 -1.323556 -2.226420 -1.602269 -0.856938
 -1.717993 -2.046496 -1.420361 -0.799040
 -1.252763 -2.120261 -4.471591 -0.539814
 -1.367602 -2.024378 -2.265538 -0.674457
 -1.421386 -2.491822 -2.204142 -0.570016
 -2.134703 -2.422384 -1.284165 -0.661399
 -1.386294 -2.277264 -3.663539 -0.475147
 -1.290985 -1.984127 -2.302577 -0.718467
 -1.791758 -2.397890 -1.747306 -0.565315
 -1.920650 -2.093492 -1.400346 -0.726248
 -1.400088 -1.848111 -14.193950 -0.517700
 -1.631416 -2.442339 -2.324557 -0.478740
 -1.729883 -2.309698 -1.652922 -0.631273
 -2.146049 -1.833178 -1.452903 -0.714861
 -1.386294 -1.907589 -3.465714 -0.561573
 -1.351203 -2.079438 -2.772578 -0.591366
 -1.602002 -3.288385 -1.496642 -0.621175
 -2.060749 -2.060749 -1.304801 -0.746429
 -1.459319 -2.390873 -4.955730 -0.401952
 -1.882728 -2.442339 -2.912335 -0.347404
 -1.553348 -2.410794 -2.564944 -0.475147
 -2.140065 -2.373679 -1.748587 -0.485815
 -0.757687 -2.772579 -2.772579 -0.900788
 -1.071585 -2.498689 -1.805550 -0.889264
 -1.156433 -1.849576 -1.353142 -1.310583
 -1.605508 -2.469280 -0.770896 -1.378451
 -1.787118 -14.580980 -14.580980 -0.183254
 -1.623621 -13.473026 -13.473026 -0.219632
 -1.620288 -14.837963 -5.627522 -0.224945
 -2.236443 -14.665663 -5.455223 -0.117784
 -0.000002 -14.077878 -14.077878 -14.077878
 -1.386294 -1.386294 -1.386294 -1.386294
 -0.000150 -9.903687 -9.903687 -9.903687
 -0.000001 -15.711631 -15.711631 -15.711631
 -15.892449 -15.892449 -0.000000 -15.892449
 -1.386294 -1.386294 -1.386294 -1.386294
 -1.386294 -1.386294 -1.386294 -1.386294
 -1.386294 -1.386294 -1.386294 -1.386294
 -1.386294 -1.386294 -1.386294 -1.386294
 -1.386294 -1.386294 -1.386294 -1.386294
 -1.576163 -2.639056 -0.434066 -2.604570
 -1.386294 -1.386294 -1.386294 -1.386294
 -1.738649 -2.061421 -1.847848 -0.617310
 -1.270463 -1.478101 -2.944412 -0.824178
 -1.520655 -1.930554 -1.891333 -0.722590
 -1.679640 -1.998090 -1.369487 -0.858664
 -1.198074 -1.728700 -1.695911 -1.086848
 -1.000975 -2.364273 -1.717650 -1.024505
 -0.975381 -1.759497 -1.508184 -1.471816
 -1.523495 -2.054123 -1.265666 -0.989413
 -1.242702 0.000100 0.000100 0.000100
 -1.698041 0.000100 0.000100 0.000100
 -1.518304 0.000100 0.000100 0.000100
 -1.173535 0.000100 0.000100 0.000100
 -1.167326 -1.835308 -1.335522 -1.323444
 -1.188172 -1.769610 -1.731992 -1.055866
 -1.046064 -1.786937 -1.514028 -1.342514
 -1.677776 -1.569699 -1.340628 -1.068795
 -1.120916 -1.833313 -1.386051 -1.331522
 -1.126986 -1.752126 -1.775604 -1.098996
 -1.049617 -1.775773 -1.466865 -1.386582
 -1.672890 -1.547551 -1.383713 -1.053023
 -1.136516 -1.774551 -1.412736 -1.324150
 -1.139931 -1.737822 -1.860050 -1.053856
 -1.004902 -1.806193 -1.573028 -1.338553
 -1.672187 -1.516906 -1.386637 -1.070432
 -1.195412 -1.841265 -1.295149 -1.328225
 -1.146430 -1.780154 -1.744532 -1.082074
 -1.053469 -1.811568 -1.484729 -1.342037
 -1.717056 -1.566409 -1.299321 -1.082065
 -1.158033 -1.793848 -1.363361 -1.332647
 -1.133027 -1.796604 -1.770150 -1.073604
 -1.045743 -1.766267 -1.504845 -1.364346
 -1.673104 -1.576637 -1.360567 -1.052248
 -1.128855 -1.771004 -1.428647 -1.321249
 -1.159427 -1.714502 -1.856222 -1.049768
 -1.028856 -1.808641 -1.543386 -1.327832
 -1.665543 -1.533137 -1.412031 -1.045812
 -1.191020 -1.823817 -1.294137 -1.344976
 -1.151537 -1.787135 -1.742731 -1.074793
 -1.069665 -1.792226 -1.477851 -1.338800
 -1.747225 -1.546438 -1.296170 -1.081282
 -1.151149 -1.825618 -1.395028 -1.291775
 -1.127186 -1.739116 -1.774400 -1.106255
 -1.054263 -1.765538 -1.476028 -1.378673
 -1.666750 -1.570235 -1.344247 -1.071752
 -1.130012 -1.783825 -1.436893 -1.304488
 -1.145566 -1.748726 -1.871423 -1.038300
 -1.047436 -1.807131 -1.552149 -1.297378
 -1.681188 -1.557432 -1.394426 -1.035087
 -1.176905 -1.821537 -1.331633 -1.324462
 -1.177334 -1.832015 -1.742942 -1.030564
 -1.033141 -1.828352 -1.477599 -1.365513
 -1.694827 -1.563087 -1.337019 -1.066378
 -1.123958 -1.879093 -1.360623 -1.325088
 -1.109339 -1.728798 -1.761005 -1.136770
 -1.015350 -1.805541 -1.491750 -1.392874
 -1.681184 -1.548180 -1.351017 -1.072257
 -1.105292 -1.834715 -1.419785 -1.318782
 -1.138524 -1.704748 -1.892146 -1.058020
 -0.998591 -1.817850 -1.553970 -1.355492
 -1.637426 -1.536548 -1.381551 -1.081139
 -1.199469 -1.854509 -1.265176 -1.347356
 -1.123901 -1.828758 -1.713202 -1.096345
 -1.069991 -1.851091 -1.427760 -1.346777
 -1.630344 -1.556526 -1.302699 -1.134841
 -1.136859 -1.812484 -1.353536 -1.356342
 -1.105717 -1.759826 -1.771321 -1.118273
 -0.997093 -1.784445 -1.514944 -1.413301
 -1.629896 -1.605116 -1.301822 -1.105189
 -1.085978 -1.806298 -1.429123 -1.352286
 -1.111047 -1.717183 -1.860283 -1.091877
 -0.972467 -1.816978 -1.591180 -1.363946
 -1.630572 -1.575101 -1.367461 -1.071650
 -1.176389 -1.851894 -1.251811 -1.391573
 -1.102632 -1.807353 -1.709823 -1.130047
 -1.013578 -1.883174 -1.472968 -1.363629
 -1.654221 -1.536908 -1.273841 -1.158493
 -1.148858 -1.834232 -1.336321 -1.345326
 -1.140022 -1.740760 -1.804182 -1.078245
 -0.999514 -1.771297 -1.508750 -1.424440
 -1.612947 -1.589585 -1.324356 -1.106494
 -1.111457 -1.808806 -1.421041 -1.325731
 -1.132056 -1.711406 -1.891812 -1.060680
 -1.009505 -1.753151 -1.636576 -1.317784
 -1.620245 -1.518713 -1.371521 -1.110375
 -1.216381 -1.831122 -1.210984 -1.404207
 -1.153265 -1.829585 -1.626198 -1.117064
 -1.081202 -1.783172 -1.396539 -1.405451
 -1.646580 -1.587842 -1.215353 -1.183123
 -1.162488 -1.792128 -1.343162 -1.348349
 -1.123090 -1.718097 -1.734536 -1.143073
 -1.015659 -1.776944 -1.449889 -1.452067
 -1.595443 -1.585822 -1.311242 -1.130361
 -1.106567 -1.745647 -1.434878 -1.360116
 -1.161408 -1.635174 -1.935911 -1.056290
 -1.031063 -1.711989 -1.567739 -1.369044
 -1.678691 -1.550389 -1.416427 -1.025443
 -1.211298 -1.813661 -1.087839 -1.598549
 -1.040526 -1.700179 -1.591285 -1.345472
 -1.047129 -1.797009 -1.372273 -1.470842
 -1.577069 -1.535127 -1.186914 -1.298905
 -0.819409 -18.264845 -0.950104 -1.756737
 -0.611685 -17.797247 -1.474578 -1.475394
 -0.643298 -18.236156 -1.118165 -1.913489
 -1.225852 -18.069561 -0.966023 -1.121169
 0.000000 -18.691853 -18.691853 -18.691853
 -1.386294 -1.386294 -1.386294 -1.386294
 0.000000 -18.413958 -18.413958 -18.413958
 0.000000 -17.946508 -17.946508 -17.946508
 -19.494726 -19.494726 0.000000 -19.494726
 -1.386294 -1.386294 -1.386294 -1.386294
 -1.386294 -1.386294 -1.386294 -1.386294
 -1.386294 -1.386294 -1.386294 -1.386294
 -1.386294 -1.386294 -1.386294 -1.386294
 -1.386294 -1.386294 -1.386294 -1.386294
 -0.987043 -1.656726 -1.604395 -1.445835
 -1.386294 -1.386294 -1.386294 -1.386294
 -1.024262 -1.957157 -1.466123 -1.313562
 -1.313108 -1.793552 -2.196329 -0.790896
 -0.910191 -1.850198 -1.914953 -1.227590
 -1.562687 -1.656200 -1.553731 -0.946473
 -1.116095 -1.997135 -1.204912 -1.439688
 -1.105856 -1.812564 -1.738642 -1.108425
 -0.961496 -1.947925 -1.516693 -1.363854
 -1.614010 -1.595346 -1.426947 -1.027129
