 -1.252763 0.000100 0.000100 0.000100
 -1.826850 0.000100 0.000100 0.000100
 -1.738989 0.000100 0.000100 0.000100
 -0.973739 0.000100 0.000100 0.000100
 -1.151723 -1.693319 -2.163320 -0.954363
 -1.289131 -2.100057 -2.387736 -0.672947
 -0.911630 -1.964776 -2.881056 -0.911630
 -1.587931 -1.972342 -1.449095 -0.863369
 -0.927988 -1.889396 -1.851656 -1.215669
 -1.076873 -1.738269 -2.901406 -0.847300
 -0.877720 -2.542716 -2.542716 -0.851052
 -1.560092 -2.147877 -1.677875 -0.720763
 -1.042332 -1.914818 -2.028146 -0.998529
 -1.425009 -2.289999 -1.971549 -0.655878
 -1.247033 -2.163318 -2.519988 -0.659248
 -1.563097 -2.067652 -1.508038 -0.814891
 -1.092534 -1.732570 -2.391812 -0.925480
 -0.922724 -2.747256 -2.410789 -0.801363
 -1.098613 -1.822529 -2.110209 -0.957535
 -1.583653 -1.853316 -1.513449 -0.872489
 -1.098613 -1.791758 -1.693319 -1.151723
 -1.343735 -2.036878 -2.575868 -0.629971
 -1.131403 -1.893539 -2.335368 -0.843722
 -1.570217 -1.832581 -1.650259 -0.820981
 -1.168041 -1.804028 -2.701964 -0.782379
 -1.258041 -1.845824 -2.356645 -0.769689
 -1.163152 -1.791757 -2.166448 -0.900788
 -1.567042 -1.899747 -1.548350 -0.845987
 -1.169382 -1.903349 -2.683502 -0.750672
 -1.473305 -1.925288 -2.618428 -0.594059
 -1.184556 -3.056337 -1.734599 -0.753774
 -1.675225 -1.803058 -1.444114 -0.886769
 -1.126012 -1.596014 -2.163996 -1.026921
 -1.509908 -2.151757 -2.151757 -0.604202
 -1.519825 -2.367117 -1.619908 -0.714203
 -1.570768 -1.917639 -1.397105 -0.921682
 -1.245937 -1.848111 -2.150390 -0.824725
 -1.666595 -2.197219 -2.708038 -0.456761
 -1.566878 -2.179979 -1.653889 -0.719582
 -2.026598 -1.768769 -1.442086 -0.773837
 -1.394878 -1.817733 -2.364273 -0.701733
 -1.321756 -1.860750 -2.708038 -0.671171
 -1.667706 -2.024378 -1.890848 -0.638089
 -2.256370 -2.052772 -1.333651 -0.686414
 -1.425515 -1.936338 -2.246490 -0.674101
 -1.957741 -1.803591 -2.650880 -0.472362
 -1.243795 -2.406939 -1.665007 -0.838331
 -1.744357 -1.801515 -1.528648 -0.813361
 -1.767660 -1.921810 -1.921810 -0.622531
 -1.167606 -2.014899 -3.113495 -0.671171
 -1.658227 -2.351369 -1.709520 -0.628611
 -2.089803 -1.889133 -1.665990 -0.623468
 -1.188225 -1.820745 -3.960767 -0.664978
 -1.658227 -2.233586 -2.821364 -0.441836
 -1.568615 -2.618428 -1.428854 -0.735709
 -2.091863 -2.019542 -1.411296 -0.693148
 -1.216396 -2.284230 -3.072677 -0.587789
 -1.335001 -1.932834 -2.944419 -0.617164
 -1.513294 -2.206437 -1.918757 -0.648299
 -2.200392 -2.018071 -1.373716 -0.686839
 -1.531476 -2.224619 -3.610888 -0.432866
 -1.497519 -1.845824 -2.384814 -0.641857
 -1.435084 -2.574510 -1.518466 -0.762142
 -2.121314 -2.045329 -1.510406 -0.634938
 -1.147884 -1.811176 -3.951197 -0.693149
 -1.805550 -1.805550 -1.805550 -0.679544
 -1.302525 -2.332138 -1.590206 -0.850541
 -1.967415 -1.945909 -1.353407 -0.778778
 -1.313388 -2.071070 -3.392807 -0.559618
 -1.363305 -1.889395 -2.257116 -0.716680
 -1.651996 -2.014900 -1.843051 -0.660359
 -1.842311 -1.911304 -1.400479 -0.804788
 -1.193104 -2.095968 -14.014364 -0.555528
 -1.318853 -1.969437 -2.844894 -0.625708
 -1.292769 -1.916920 -1.985912 -0.818312
 -1.749199 -2.011563 -1.510789 -0.751684
 -1.070442 -2.169050 -3.843000 -0.651184
 -1.110884 -3.308079 -2.614948 -0.578081
 -1.670061 -2.044752 -1.264598 -0.916292
 -1.740135 -1.798403 -1.379694 -0.898243
 -14.180157 -14.180157 -14.180157 -0.000002
 -13.592372 -13.592372 -13.592372 -0.000004
 -13.901692 -13.901692 -13.901692 -0.000003
 -14.830743 -14.830743 -14.830743 -0.000001
 -1.386294 -1.386294 -1.386294 -1.386294
 -1.386294 -1.386294 -1.386294 -1.386294
 -1.386294 -1.386294 -1.386294 -1.386294
 -15.622159 -15.622159 -15.622159 -0.000001
 -1.386294 -1.386294 -1.386294 -1.386294
 -1.386294 -1.386294 -1.386294 -1.386294
 -1.386294 -1.386294 -1.386294 -1.386294
 -1.890029 -2.800898 -0.795047 -1.088808
 -13.732133 -0.000003 -13.732133 -13.732133
 -12.821269 -0.000008 -12.821269 -12.821269
 -14.827113 -0.000001 -14.827113 -14.827113
 -14.533353 -0.000002 -14.533353 -14.533353
 -1.386294 -1.386294 -1.386294 -1.386294
 -0.000001 -15.622159 -15.622159 -15.622159
 -1.386294 -1.386294 -1.386294 -1.386294
 -1.386294 -1.386294 -1.386294 -1.386294
 -15.622159 -15.622159 -0.000001 -15.622159
 -1.386294 -1.386294 -1.386294 -1.386294
 -1.386294 -1.386294 -1.386294 -1.386294
 -1.386294 -1.386294 -1.386294 -1.386294
 -1.386294 -1.386294 -1.386294 -1.386294
 -1.386294 -1.386294 -1.386294 -1.386294
 -1.394538 -2.135151 -0.704708 -1.969166
 -1.386294 -1.386294 -1.386294 -1.386294
 -1.551543 -2.452325 -1.406362 -0.783175
 -1.568615 -1.791757 -2.197217 -0.665751
 -1.196251 -1.815289 -1.718126 -1.034282
 -1.803591 -2.363202 -1.398129 -0.704984
 -0.963438 -1.728043 -1.805003 -1.286211
 -1.462280 -1.698667 -2.104129 -0.769135
 -1.073921 -1.843051 -1.353505 -1.420196
 -1.609437 -1.957743 -1.250804 -0.987387
 -1.228781 0.000100 0.000100 0.000100
 -1.713104 0.000100 0.000100 0.000100
 -1.537214 0.000100 0.000100 0.000100
 -1.164539 0.000100 0.000100 0.000100
 -1.089179 -1.740939 -1.257514 -1.590658
 -1.083346 -1.500238 -1.977160 -1.203973
 -1.092182 -1.577689 -1.488077 -1.459906
 -1.654900 -1.727220 -1.355657 -0.985284
 -1.236234 -1.683545 -1.540445 -1.172721
 -1.189585 -1.631416 -1.882729 -1.056054
 -1.229641 -1.845825 -1.403994 -1.190420
 -1.907069 -1.524078 -1.357024 -0.977535
 -1.082352 -1.545924 -1.625967 -1.380845
 -1.048781 -1.661883 -2.029607 -1.113319
 -1.104882 -1.897118 -1.386294 -1.313974
 -1.634649 -1.514505 -1.357663 -1.115350
 -1.455287 -1.540445 -1.252763 -1.321756
 -1.318241 -1.459319 -1.820331 -1.084627
 -1.137834 -1.553348 -1.466337 -1.438938
 -1.697730 -1.490091 -1.511144 -0.991845
 -1.219241 -1.704747 -1.409284 -1.278664
 -1.197704 -1.773066 -1.513556 -1.177084
 -0.937601 -1.744691 -1.585627 -1.474401
 -1.655957 -1.250493 -1.609437 -1.130948
 -1.173836 -1.749199 -1.362427 -1.343735
 -1.028297 -1.583292 -2.309226 -1.085455
 -1.221215 -1.584120 -1.336284 -1.438938
 -1.619146 -1.526056 -1.440898 -1.056053
 -1.195876 -1.561810 -1.451809 -1.371766
 -1.119666 -1.568615 -2.404859 -0.980830
 -1.092304 -1.596859 -1.278406 -1.695298
 -1.559313 -1.322925 -1.395684 -1.288439
 -1.238374 -1.898730 -1.669157 -0.988914
 -1.398717 -1.653608 -1.909541 -0.882905
 -1.019544 -1.884540 -1.536234 -1.301395
 -1.554286 -1.656940 -1.396657 -1.048351
 -1.068760 -1.624705 -1.677348 -1.299283
 -1.123306 -1.816450 -2.039593 -0.962038
 -1.170072 -1.575536 -1.757857 -1.170072
 -1.609437 -1.649443 -1.414129 -1.008664
 -1.292768 -1.446919 -1.310787 -1.511457
 -1.166054 -1.559957 -2.036879 -1.056054
 -0.934310 -1.574346 -1.609437 -1.609437
 -1.451112 -1.451112 -1.382119 -1.271771
 -1.395864 -1.658227 -1.269570 -1.269570
 -1.044546 -1.791758 -2.197222 -0.993253
 -1.092421 -1.497885 -1.367832 -1.680206
 -1.869145 -1.452252 -1.193391 -1.175999
 -1.163151 -2.121999 -1.287204 -1.232144
 -1.078410 -1.694595 -1.994698 -1.078410
 -1.175802 -1.638425 -1.668278 -1.175802
 -1.461518 -1.526056 -1.619146 -1.042260
 -1.245713 -1.693024 -1.386294 -1.279049
 -1.196251 -1.681758 -1.768769 -1.075624
 -1.119232 -1.623136 -1.524696 -1.352847
 -1.787476 -1.519213 -1.231531 -1.133551
 -1.153572 -1.704747 -1.469908 -1.299283
 -0.885308 -1.918320 -1.918320 -1.225175
 -1.104344 -1.797489 -1.475906 -1.293585
 -1.546637 -1.463255 -1.525131 -1.084819
 -1.183170 -1.847328 -1.395344 -1.243795
 -1.006020 -2.189786 -2.189786 -0.890508
 -1.046989 -1.926236 -1.379694 -1.379694
 -1.702414 -1.581786 -1.322925 -1.061911
 -1.011601 -1.731416 -1.391091 -1.558144
 -1.040019 -1.809149 -1.662547 -1.227230
 -1.098613 -2.014901 -1.277304 -1.368276
 -1.831499 -1.381975 -1.364880 -1.098613
 -1.079655 -1.581134 -1.604664 -1.372042
 -1.041455 -1.734600 -2.204601 -1.020836
 -1.109849 -1.603866 -1.473814 -1.426186
 -1.499014 -1.433056 -1.849215 -0.965716
 -1.045969 -2.106839 -1.395344 -1.275543
 -1.078810 -2.014901 -1.609437 -1.118816
 -1.009666 -1.815288 -1.915371 -1.122144
 -1.704747 -1.632427 -1.219241 -1.116962
 -1.637608 -1.568616 -1.071214 -1.367945
 -1.126012 -2.070469 -1.490654 -1.126012
 -1.301257 -1.664162 -1.323236 -1.301257
 -2.083894 -1.524280 -1.153421 -1.072295
 -14.234223 -14.234223 -14.234223 -0.000002
 -14.151986 -14.151986 -14.151986 -0.000002
 -14.580980 -14.580980 -14.580980 -0.000001
 -14.576319 -14.576319 -14.576319 -0.000001
 -1.386294 -1.386294 -1.386294 -1.386294
 -1.386294 -1.386294 -1.386294 -1.386294
 -1.386294 -1.386294 -1.386294 -1.386294
 -15.790980 -15.790980 -15.790980 -0.000000
 -1.386294 -1.386294 -1.386294 -1.386294
 -1.386294 -1.386294 -1.386294 -1.386294
 -1.386294 -1.386294 -1.386294 -1.386294
 -1.653385 -1.653385 -1.328366 -1.043305
 -14.137597 -0.000002 -14.137597 -14.137597
 -14.137597 -0.000002 -14.137597 -14.137597
 -14.462616 -0.000002 -14.462616 -14.462616
 -14.747676 -0.000001 -14.747676 -14.747676
 -1.386294 -1.386294 -1.386294 -1.386294
 -0.000001 -15.790980 -15.790980 -15.790980
 -1.386294 -1.386294 -1.386294 -1.386294
 -1.386294 -1.386294 -1.386294 -1.386294
 -15.790980 -15.790980 -0.000000 -15.790980
 -1.386294 -1.386294 -1.386294 -1.386294
 -1.386294 -1.386294 -1.386294 -1.386294
 -1.386294 -1.386294 -1.386294 -1.386294
 -1.386294 -1.386294 -1.386294 -1.386294
 -1.386294 -1.386294 -1.386294 -1.386294
 -1.039376 -1.583427 -1.667984 -1.376632
 -1.386294 -1.386294 -1.386294 -1.386294
 -1.122423 -2.209057 -1.210530 -1.321756
 -1.213023 -1.778335 -2.163996 -0.870079
 -1.357307 -1.968214 -2.204601 -0.707964
 -1.620487 -2.025951 -1.620487 -0.749660
 -1.245216 -1.624705 -1.177394 -1.574695
 -1.268512 -1.619908 -1.999395 -0.953432
 -0.826680 -1.974079 -1.332227 -1.834318
 -1.585004 -1.795299 -1.471060 -0.918060
