 -1.202706 0.000100 0.000100 0.000100
 -1.421114 0.000100 0.000100 0.000100
 -1.711424 0.000100 0.000100 0.000100
 -1.281695 0.000100 0.000100 0.000100
 -0.903713 -1.695298 -1.766757 -1.425009
 -1.155308 -1.548350 -2.541595 -0.932165
 -0.890317 -1.221673 -2.155977 -1.720662
 -1.582409 -1.032364 -2.418652 -1.051782
 -0.948600 -1.656783 -1.439719 -1.687555
 -0.818312 -1.868131 -1.654557 -1.545359
 -0.892001 -1.115143 -1.545923 -3.012235
 -1.717651 -0.845164 -1.412270 -1.914360
 -0.715621 -1.455287 -1.897119 -2.057461
 -0.579314 -1.813264 -2.176168 -1.813264
 -0.763353 -1.304949 -1.937469 -2.131624
 -1.207812 -1.031922 -1.980998 -1.575535
 -0.615590 -2.335372 -14.723771 -1.013620
 -1.163151 -2.143976 -14.062374 -0.561573
 -0.587790 -1.711715 -13.487012 -1.332227
 -1.871799 -1.178656 -13.567055 -0.619042
 -14.630877 -14.630877 -0.000001 -14.630877
 -13.541079 -13.541079 -0.000004 -13.541079
 -1.386294 -1.386294 -1.386294 -1.386294
 -14.621988 -14.621988 -0.000001 -14.621988
 -1.386294 -1.386294 -1.386294 -1.386294
 -1.386294 -1.386294 -1.386294 -1.386294
 -15.475642 -15.475642 -15.475642 -0.000001
 -1.386294 -1.386294 -1.386294 -1.386294
 -1.386294 -1.386294 -1.386294 -1.386294
 -1.386294 -1.386294 -1.386294 -1.386294
 -1.386294 -1.386294 -1.386294 -1.386294
 -0.256489 -4.473526 -1.870852 -2.799563
 -0.275473 -2.917767 -3.811578 -1.804120
 -0.405507 -1.791726 -11.002167 -1.791726
 -0.037744 -4.394354 -3.701257 -13.604795
 -0.330250 -2.367103 -12.676088 -1.673972
 -2.981340 -4.234091 -0.170795 -2.388278
 -1.504076 -3.295752 -0.351407 -3.295752
 -2.397832 -11.608273 -0.318478 -1.704734
 -1.906166 -2.694613 -0.352825 -2.512294
 -1.178657 -1.466336 -2.054114 -1.098615
 -1.386294 -1.098621 -11.695280 -0.875482
 -2.088830 -2.051789 -3.225905 -0.345391
 -1.770702 -2.058380 -1.285199 -0.854419
 -0.963439 -1.691674 -2.133503 -1.152681
 -1.168572 -2.001475 -2.694613 -0.720549
 -1.252764 -1.609435 -2.862162 -0.782765
 -1.206910 -1.365974 -1.900056 -1.216762
 -1.187844 -1.516347 -2.266650 -0.988993
 -1.679641 -1.679641 -4.077491 -0.494020
 -1.260254 -1.719784 -2.595241 -0.770708
 -1.774951 -1.168817 -2.231708 -0.885691
 -1.106912 -1.082219 -3.409474 -1.212272
 -1.190728 -1.394326 -3.441998 -0.877071
 -0.870832 -1.681755 -1.969433 -1.363305
 -2.172221 -1.111352 -2.423535 -0.758531
 -0.920365 -1.410987 -2.509593 -1.285824
 -1.373716 -1.884540 -2.865362 -0.619945
 -0.990402 -1.609435 -2.456714 -1.070444
 -1.979810 -1.358124 -2.513890 -0.646628
 -0.923955 -1.879463 -2.477296 -1.003997
 -1.248425 -2.036879 -3.135478 -0.617800
 -0.955515 -2.277252 -2.564926 -0.830353
 -1.873878 -1.390452 -1.747127 -0.859825
 -1.294369 0.000100 0.000100 0.000100
 -1.723413 0.000100 0.000100 0.000100
 -1.509215 0.000100 0.000100 0.000100
 -1.119663 0.000100 0.000100 0.000100
 -1.174734 -1.712227 -1.492694 -1.252221
 -1.211492 -1.629615 -2.014591 -0.986533
 -1.148016 -1.774113 -1.558523 -1.195166
 -1.696139 -1.478469 -1.539156 -0.983335
 -1.236193 -1.747814 -1.434585 -1.213540
 -1.192316 -1.863891 -1.706262 -1.022009
 -1.167093 -1.784615 -1.615709 -1.132837
 -1.693139 -1.606329 -1.370845 -1.017373
 -1.173736 -1.668175 -1.508557 -1.269505
 -1.152401 -1.883238 -1.919555 -0.953594
 -1.194966 -1.590908 -1.548755 -1.269284
 -1.631110 -1.535338 -1.498567 -1.006613
 -0.885307 -1.927703 -18.105011 -0.816602
 -1.075961 -1.507520 -17.774035 -0.826515
 -0.859222 -1.892580 -17.835131 -0.853724
 -1.536528 -1.562115 -18.296476 -0.553070
 -18.321192 -18.321192 0.000000 -18.321192
 -17.709776 -17.709776 0.000000 -17.709776
 -1.386294 -1.386294 -1.386294 -1.386294
 -18.680426 -18.680426 0.000000 -18.680426
 -1.386294 -1.386294 -1.386294 -1.386294
 -1.386294 -1.386294 -1.386294 -1.386294
 -19.411373 -19.411373 -19.411373 0.000000
 -1.386294 -1.386294 -1.386294 -1.386294
 -1.386294 -1.386294 -1.386294 -1.386294
 -1.386294 -1.386294 -1.386294 -1.386294
 -1.386294 -1.386294 -1.386294 -1.386294
 -1.693285 -1.660319 -1.477477 -0.921820
 -1.310313 -1.725557 -1.536080 -1.087769
 -1.255208 -1.838754 -1.690588 -0.990053
 -1.146435 -2.055328 -1.359643 -1.212579
 -1.729604 -1.688866 -1.382661 -0.949314
 -1.140544 -1.641225 -1.719523 -1.179407
 -1.177871 -1.560669 -2.095254 -1.024344
 -1.127712 -1.664462 -1.654411 -1.218309
 -1.672685 -1.475317 -1.486372 -1.029012
 -1.211695 -1.836584 -1.431404 -1.190814
 -1.180891 -1.770192 -2.025863 -0.939521
 -1.066006 -1.820205 -1.575504 -1.249239
 -1.729453 -1.519169 -1.419256 -1.016578
 -1.233665 -1.915955 -1.304966 -1.236517
 -1.203360 -1.855196 -1.654763 -1.043396
 -1.159193 -1.859074 -1.467215 -1.204382
 -1.611088 -1.640124 -1.273751 -1.119039
 -1.172720 -1.786759 -1.516054 -1.192712
 -1.178432 -1.759286 -1.949932 -0.973423
 -1.094036 -1.777946 -1.566428 -1.247009
 -1.689177 -1.508554 -1.526244 -0.976177
 -1.171387 -1.737204 -1.460082 -1.266437
 -1.164552 -1.723527 -1.923949 -1.012051
 -1.076395 -1.790117 -1.571799 -1.256789
 -1.634699 -1.514833 -1.461324 -1.040678
 -1.198204 -1.789626 -1.414183 -1.244387
 -1.177773 -1.792544 -1.853243 -0.997577
 -1.100373 -1.852296 -1.504517 -1.243921
 -1.677177 -1.576711 -1.356815 -1.052780
 -1.177532 -1.752748 -1.486521 -1.229267
 -1.222479 -1.655669 -1.947375 -0.989161
 -1.117607 -1.724994 -1.588712 -1.235890
 -1.707569 -1.561513 -1.442817 -0.987211
