 -1.217441 0.000100 0.000100 0.000100
 -1.389645 0.000100 0.000100 0.000100
 -1.974750 0.000100 0.000100 0.000100
 -1.151844 0.000100 0.000100 0.000100
 -1.017267 -1.918052 -1.880311 -1.081806
 -0.926410 -1.785069 -2.170730 -1.132746
 -0.953106 -1.528468 -1.853888 -1.423108
 -1.604160 -1.164210 -1.909541 -1.082865
 -0.931958 -1.525020 -2.127194 -1.311447
 -1.138459 -1.355523 -2.654798 -1.045369
 -0.831735 -0.887305 -3.056337 -2.245420
 -1.568616 -1.163151 -1.519825 -1.345472
 -14.478201 -1.260525 -1.741497 -0.613899
 -14.346141 -1.839960 -1.446919 -0.501071
 -13.567055 -1.312187 -1.312187 -0.773192
 -14.260199 -1.412270 -1.265667 -0.745792
 -1.386294 -1.386294 -1.386294 -1.386294
 -14.159103 -14.159103 -0.000002 -14.159103
 -14.144817 -14.144817 -0.000002 -14.144817
 -14.972393 -14.972393 -0.000001 -14.972393
 -1.386294 -1.386294 -1.386294 -1.386294
 -1.386294 -1.386294 -1.386294 -1.386294
 -15.603931 -15.603931 -0.000001 -15.603931
 -1.386294 -1.386294 -1.386294 -1.386294
 -1.386294 -1.386294 -1.386294 -1.386294
 -1.386294 -1.386294 -1.386294 -1.386294
 -15.603931 -15.603931 -15.603931 -0.000001
 -1.386294 -1.386294 -1.386294 -1.386294
 -1.386294 -1.386294 -1.386294 -1.386294
 -1.386294 -1.386294 -1.386294 -1.386294
 -1.386294 -1.386294 -1.386294 -1.386294
 -0.273294 -3.302545 -2.250455 -2.333147
 -0.606869 -1.802809 -3.229921 -1.384099
 -0.526104 -2.397863 -12.301401 -1.145136
 -0.172847 -3.044495 -3.449944 -2.533683
 -0.422861 -1.863214 -2.961804 -1.980996
 -1.644123 -2.867895 -0.516524 -1.874646
 -1.849576 -2.291405 -0.851052 -1.156433
 -12.345852 -3.135412 -0.191067 -2.036866
 -1.806796 -4.204646 -0.398032 -1.902106
 -1.210404 -1.699950 -1.811176 -1.033474
 -1.163153 -3.465648 -1.519824 -0.826684
 -1.533930 -1.703348 -2.987360 -0.594533
 -1.321756 -2.456728 -1.518466 -0.847299
 -0.809221 -1.892562 -2.093232 -1.270035
 -0.959777 -2.346063 -2.463845 -0.829724
 -1.083346 -2.094939 -2.564935 -0.773193
 -1.285724 -1.788352 -1.942502 -0.884383
 -1.014055 -1.884132 -1.985914 -1.055441
 -1.341843 -1.704746 -4.477242 -0.606138
 -1.032364 -1.582408 -1.892560 -1.245938
 -1.480746 -1.462054 -2.232160 -0.835919
 -1.059611 -1.481604 -2.605529 -1.043350
 -1.198243 -1.534714 -2.961818 -0.841569
 -1.038895 -1.609436 -2.094939 -1.129866
 -1.656155 -1.194338 -3.086894 -0.775267
 -1.154702 -1.550597 -2.333353 -0.978812
 -1.353718 -1.798403 -2.619378 -0.686548
 -1.239692 -1.440361 -2.028139 -1.072640
 -1.526876 -1.234489 -2.164962 -0.975380
 -1.111600 -1.747587 -2.270833 -0.932552
 -1.134981 -2.108426 -2.744410 -0.707537
 -0.916293 -2.148427 -2.302575 -0.958853
 -1.855474 -1.398717 -1.996552 -0.774563
 -1.324399 0.000100 0.000100 0.000100
 -1.602960 0.000100 0.000100 0.000100
 -1.611878 0.000100 0.000100 0.000100
 -1.098937 0.000100 0.000100 0.000100
 -1.144871 -1.828467 -1.522885 -1.194045
 -1.222163 -2.016114 -1.527348 -1.035285
 -1.129206 -1.965647 -1.489125 -1.167722
 -1.728929 -1.734439 -1.385807 -0.926583
 -1.168386 -1.650969 -1.849883 -1.078774
 -1.289285 -1.616741 -1.956359 -0.955512
 -1.271655 -1.698763 -1.315420 -1.315420
 -1.607093 -1.453277 -1.772233 -0.926910
 -16.588724 -1.597640 -1.481230 -0.561648
 -16.352377 -1.194002 -1.712691 -0.660460
 -16.246489 -1.419377 -1.832142 -0.514056
 -16.884958 -1.785740 -1.386759 -0.540524
 -1.386294 -1.386294 -1.386294 -1.386294
 -16.413002 -16.413002 -0.000000 -16.413002
 -16.389648 -16.389648 -0.000000 -16.389648
 -17.370859 -17.370859 -0.000000 -17.370859
 -1.386294 -1.386294 -1.386294 -1.386294
 -1.386294 -1.386294 -1.386294 -1.386294
 -17.935360 -17.935360 0.000000 -17.935360
 -1.386294 -1.386294 -1.386294 -1.386294
 -1.386294 -1.386294 -1.386294 -1.386294
 -1.386294 -1.386294 -1.386294 -1.386294
 -17.935360 -17.935360 -17.935360 -0.000000
 -1.386294 -1.386294 -1.386294 -1.386294
 -1.386294 -1.386294 -1.386294 -1.386294
 -1.386294 -1.386294 -1.386294 -1.386294
 -1.386294 -1.386294 -1.386294 -1.386294
 -1.868558 -1.797462 -1.298471 -0.898976
 -1.196980 -1.636106 -1.691676 -1.142729
 -1.075356 -1.691116 -1.827691 -1.159237
 -1.219973 -1.984131 -1.105781 -1.442613
 -1.730219 -1.549400 -1.673311 -0.860964
 -1.147403 -1.685257 -1.668278 -1.175802
 -1.260717 -1.876213 -1.893605 -0.884666
 -1.141268 -1.759324 -1.591289 -1.188225
 -1.608957 -1.482663 -1.548332 -1.020903
 -1.331661 -1.858451 -1.176865 -1.302674
 -1.226678 -1.794320 -1.678248 -1.039041
 -1.139855 -2.023780 -1.311705 -1.277908
 -1.650358 -1.732245 -1.108091 -1.200833
 -1.186954 -1.807780 -1.381854 -1.273965
 -1.178655 -1.702726 -1.675327 -1.130492
 -1.201128 -1.763114 -1.300614 -1.365431
 -1.699866 -1.523016 -1.316468 -1.105159
 -1.210874 -1.629665 -1.552246 -1.223169
 -1.267342 -1.750516 -1.879728 -0.936225
 -1.170788 -1.748233 -1.632922 -1.138065
 -1.797281 -1.476113 -1.483368 -0.970603
 -1.127895 -1.953467 -1.303264 -1.336131
 -1.144422 -1.822065 -1.515334 -1.203420
 -1.012005 -1.979589 -1.437673 -1.343600
 -1.681404 -1.555197 -1.254181 -1.147497
 -1.116547 -1.930547 -1.354689 -1.311204
 -1.222429 -1.673014 -1.693740 -1.096689
 -1.100494 -1.898792 -1.359099 -1.344571
 -1.745547 -1.427680 -1.463526 -1.037988
 -1.202809 -1.705913 -1.485337 -1.232310
 -1.154028 -1.706547 -1.805328 -1.082569
 -1.122143 -1.746297 -1.506817 -1.278747
 -1.849234 -1.422384 -1.463298 -0.994165
