 -1.110568 0.000100 0.000100 0.000100
 -1.422599 0.000100 0.000100 0.000100
 -1.996399 0.000100 0.000100 0.000100
 -1.225135 0.000100 0.000100 0.000100
 -1.140724 -1.316615 -1.972020 -1.297566
 -1.194627 -1.697729 -2.557925 -0.828694
 -0.916293 -1.548812 -1.742967 -1.548812
 -1.785995 -1.415622 -1.597943 -0.948600
 -1.068937 -0.877882 -1.710790 -2.809395
 -0.685876 -1.231102 -1.875457 -2.974060
 -0.828324 -0.854992 -2.268677 -3.367267
 -1.555635 -0.522621 -1.766943 -3.683849
 -0.000002 -14.538218 -14.538218 -14.538218
 -0.000001 -14.786291 -14.786291 -14.786291
 -0.000003 -13.753639 -13.753639 -13.753639
 -0.000012 -12.429232 -12.429232 -12.429232
 -15.588767 -15.588767 -0.000001 -15.588767
 -1.386294 -1.386294 -1.386294 -1.386294
 -1.386294 -1.386294 -1.386294 -1.386294
 -1.386294 -1.386294 -1.386294 -1.386294
 -1.386294 -1.386294 -1.386294 -1.386294
 -1.386294 -1.386294 -1.386294 -1.386294
 -15.588767 -15.588767 -0.000001 -15.588767
 -1.386294 -1.386294 -1.386294 -1.386294
 -1.386294 -1.386294 -1.386294 -1.386294
 -1.386294 -1.386294 -1.386294 -1.386294
 -15.588767 -15.588767 -15.588767 -0.000001
 -1.386294 -1.386294 -1.386294 -1.386294
 -1.386294 -1.386294 -1.386294 -1.386294
 -1.386294 -1.386294 -1.386294 -1.386294
 -1.386294 -1.386294 -1.386294 -1.386294
 -15.588767 -1.783306 -1.429666 -0.523355
 -1.386294 -1.386294 -1.386294 -1.386294
 -0.881549 -2.292529 -3.208804 -0.810932
 -0.460125 -2.309698 -2.383806 -1.729883
 -1.163724 -1.943048 -2.421083 -0.786168
 -1.626315 -2.837401 -0.534822 -1.838876
 -1.470851 -2.224616 -0.870080 -1.413693
 -1.232145 -2.079433 -0.735711 -2.261751
 -2.338300 -1.645155 -0.633556 -1.715773
 -1.427116 -1.897117 -1.560647 -0.916292
 -1.443452 -1.878767 -2.890352 -0.587790
 -1.593689 -2.226210 -2.385275 -0.516131
 -1.533930 -1.985912 -1.916920 -0.693149
 -1.106518 -1.848453 -2.010971 -0.972987
 -1.359626 -1.739113 -4.303970 -0.590496
 -1.098614 -2.442336 -2.288188 -0.737602
 -1.370742 -1.893989 -1.853167 -0.823549
 -1.550597 -1.550597 -2.014901 -0.815487
 -1.170072 -1.374866 -3.367267 -0.910562
 -1.098614 -2.120258 -2.931174 -0.706573
 -1.697143 -1.739702 -2.201047 -0.633871
 -1.439539 -1.609437 -2.014900 -0.844833
 -1.945907 -1.945907 -3.109045 -0.401013
 -1.116006 -2.268674 -2.450992 -0.728242
 -2.065454 -1.242255 -2.011387 -0.796945
 -1.233532 -1.590206 -2.688808 -0.828068
 -1.264280 -1.879463 -4.875100 -0.584740
 -1.098614 -1.417066 -2.803341 -1.011603
 -2.055507 -1.247586 -2.299129 -0.724785
 -1.098613 -1.700786 -2.003066 -1.052093
 -1.252763 -1.850598 -3.332187 -0.651184
 -1.315677 -2.614936 -1.767657 -0.717845
 -1.710081 -1.437214 -1.770705 -0.888317
 -1.340262 0.000100 0.000100 0.000100
 -1.748008 0.000100 0.000100 0.000100
 -1.587031 0.000100 0.000100 0.000100
 -1.022845 0.000100 0.000100 0.000100
 -1.240312 -1.836004 -1.186660 -1.402368
 -1.013315 -1.870090 -1.687769 -1.210846
 -1.033710 -1.886486 -1.360394 -1.443281
 -1.827206 -1.665718 -1.093650 -1.154893
 -1.007737 -1.756973 -1.186429 -1.851002
 -0.818074 -1.631021 -1.613003 -1.809713
 -0.960125 -1.658751 -1.279262 -1.906930
 -1.559218 -1.268988 -1.443705 -1.299999
 -0.000001 -15.555978 -15.555978 -15.555978
 -0.000001 -15.082459 -15.082459 -15.082459
 -0.000001 -15.290275 -15.290275 -15.290275
 -0.000001 -14.962914 -14.962914 -14.962914
 -16.635103 -16.635103 -0.000000 -16.635103
 -1.386294 -1.386294 -1.386294 -1.386294
 -1.386294 -1.386294 -1.386294 -1.386294
 -1.386294 -1.386294 -1.386294 -1.386294
 -1.386294 -1.386294 -1.386294 -1.386294
 -1.386294 -1.386294 -1.386294 -1.386294
 -16.635103 -16.635103 -0.000000 -16.635103
 -1.386294 -1.386294 -1.386294 -1.386294
 -1.386294 -1.386294 -1.386294 -1.386294
 -1.386294 -1.386294 -1.386294 -1.386294
 -16.635103 -16.635103 -16.635103 -0.000000
 -1.386294 -1.386294 -1.386294 -1.386294
 -1.386294 -1.386294 -1.386294 -1.386294
 -1.386294 -1.386294 -1.386294 -1.386294
 -1.386294 -1.386294 -1.386294 -1.386294
 -16.635103 -1.544229 -1.196251 -0.725262
 -1.386294 -1.386294 -1.386294 -1.386294
 -1.226573 -1.536727 -1.837481 -1.101410
 -1.008155 -2.185459 -1.251777 -1.441019
 -1.695554 -1.517717 -1.416297 -1.036540
 -1.015595 -1.630152 -1.990154 -1.186660
 -1.015616 -2.029430 -2.216641 -0.922722
 -1.098613 -1.684896 -1.594512 -1.279431
 -1.642227 -1.632471 -1.566720 -0.910615
 -1.258698 -1.938051 -1.244905 -1.258698
 -1.082299 -1.805004 -1.639490 -1.195239
 -1.057370 -1.740466 -1.462834 -1.403994
 -1.720360 -1.910403 -1.123004 -1.056483
 -1.203973 -1.778514 -1.218899 -1.445808
 -1.266369 -1.665007 -1.445954 -1.226095
 -1.168382 -1.868546 -1.203973 -1.449095
 -1.615361 -1.635361 -1.174236 -1.213202
 -1.164922 -1.769876 -1.395183 -1.309661
 -1.256159 -1.880312 -1.735731 -0.950777
 -0.988356 -1.785643 -1.670574 -1.302013
 -1.869537 -1.464072 -1.535168 -0.918561
 -1.172882 -1.973659 -1.207488 -1.375823
 -1.169708 -1.852383 -1.734601 -1.032238
 -1.040505 -1.749912 -1.441946 -1.441946
 -1.582287 -1.656395 -1.238191 -1.159122
 -1.271771 -1.838877 -1.333329 -1.213784
 -1.176865 -1.520338 -1.942331 -1.109424
 -1.062654 -1.749199 -1.370403 -1.484813
 -1.836211 -1.595049 -1.130161 -1.156136
 -1.134980 -1.722766 -1.530082 -1.260606
 -1.105064 -1.732459 -1.788549 -1.124673
 -1.020882 -1.911854 -1.639921 -1.210925
 -1.651549 -1.520710 -1.569028 -0.963793
