   67.6558	   73.6342	
   38.2874	   89.2396	

   66.3301	   72.8159	
   68.5076	   72.3350	

   76.9607	   63.3896	
   67.6558	   73.6342	

   67.6558	   73.6342	
   68.5076	   72.3350	

   67.6558	   73.6342	
   65.9021	   74.2999	

   66.3301	   72.8159	
   67.6558	   73.6342	

   65.9021	   74.2999	
   66.3301	   72.8159	

   66.3301	   72.8159	
   58.8167	   70.8096	

   68.1090	   69.5442	
   66.3301	   72.8159	

   70.8415	   59.7082	
   68.1090	   69.5442	

   68.5076	   72.3350	
   68.1090	   69.5442	

   76.9607	   63.3896	
   68.5076	   72.3350	

   68.1090	   69.5442	
   76.9607	   63.3896	

   62.1210	   61.5790	
   60.6825	   62.9365	

   61.2938	   56.4586	
   62.1210	   61.5790	

   68.1090	   69.5442	
   62.1210	   61.5790	

   66.6548	   60.1906	
   68.1090	   69.5442	

   62.1210	   61.5790	
   66.6548	   60.1906	

   58.8167	   70.8096	
   65.9021	   74.2999	

   38.2874	   89.2396	
   57.3002	   72.7986	

   65.9021	   74.2999	
   38.2874	   89.2396	

   57.3002	   72.7986	
   65.9021	   74.2999	

   58.8167	   70.8096	
   57.3002	   72.7986	

   54.2856	   71.3704	
   55.3844	   71.1779	

   55.3844	   71.1779	
   57.3002	   72.7986	

   48.6897	   71.9655	
   50.1835	   61.2707	

   57.3002	   72.7986	
   48.6897	   71.9655	

   54.2856	   71.3704	
   57.3002	   72.7986	

   48.6897	   71.9655	
   54.2856	   71.3704	

   58.8167	   70.8096	
   55.3844	   71.1779	

   55.3844	   71.1779	
   57.9425	   68.5534	

   58.8167	   70.8096	
   57.9425	   68.5534	

   68.1090	   69.5442	
   58.8167	   70.8096	

   60.6825	   62.9365	
   68.1090	   69.5442	

   68.1090	   69.5442	
   57.9425	   68.5534	

   60.6825	   62.9365	
   57.9425	   68.5534	

   50.1835	   61.2707	
   60.6825	   62.9365	

   57.9425	   68.5534	
   54.2856	   71.3704	

   50.1835	   61.2707	
   57.9425	   68.5534	

   54.2856	   71.3704	
   50.1835	   61.2707	

   70.8415	   59.7082	
   66.6548	   60.1906	

   96.4888	   24.6811	
   76.9607	   63.3896	

   61.2938	   56.4586	
   60.6825	   62.9365	

   60.6825	   62.9365	
   54.0892	   54.2901	

   68.6633	   57.8928	
   73.0240	   56.7015	

   70.8415	   59.7082	
   68.6633	   57.8928	

   73.0240	   56.7015	
   76.9607	   63.3896	

   70.8415	   59.7082	
   73.0240	   56.7015	

   76.9607	   63.3896	
   70.8415	   59.7082	

   65.8314	   49.6308	
   68.6633	   57.8928	

   68.6633	   57.8928	
   66.6548	   60.1906	

   61.2938	   56.4586	
   68.6633	   57.8928	

   66.6548	   60.1906	
   61.2938	   56.4586	

   96.4888	   24.6811	
   73.0240	   56.7015	

   73.7523	   30.0789	
   96.4888	   24.6811	

   73.6650	    2.0192	
   73.7523	   30.0789	

   59.2487	   22.4923	
   73.7523	   30.0789	

   73.7523	   30.0789	
   60.3351	   24.7584	

   73.0240	   56.7015	
   65.8314	   49.6308	

   73.7523	   30.0789	
   73.0240	   56.7015	

   73.7523	   30.0789	
   65.8314	   49.6308	

   59.3555	   42.1221	
   73.7523	   30.0789	

   65.8314	   49.6308	
   61.2938	   56.4586	

   59.2487	   22.4923	
   60.3351	   24.7584	

   65.8314	   49.6308	
   58.6683	   46.4120	

   59.3555	   42.1221	
   65.8314	   49.6308	

   54.0892	   54.2901	
   50.1835	   61.2707	

   50.1835	   61.2707	
   45.1841	   58.4772	

   58.5611	   46.3666	
   54.0892	   54.2901	

   61.2938	   56.4586	
   54.0892	   54.2901	

   58.6683	   46.4120	
   61.2938	   56.4586	

   54.0892	   54.2901	
   58.6683	   46.4120	

   54.0892	   54.2901	
   45.1841	   58.4772	

   47.8855	   49.3185	
   54.0892	   54.2901	

   45.1841	   58.4772	
   47.8855	   49.3185	

   58.6683	   46.4120	
   58.5611	   46.3666	

   59.3555	   42.1221	
   58.6683	   46.4120	

   47.8855	   49.3185	
   39.9696	   46.6770	

   31.4462	   32.0252	
   60.3351	   24.7584	

   60.3351	   24.7584	
   59.3555	   42.1221	

   55.2130	   42.7566	
   60.3351	   24.7584	

   59.3555	   42.1221	
   58.5611	   46.3666	

   55.2130	   42.7566	
   59.3555	   42.1221	

   47.8855	   49.3185	
   55.2130	   42.7566	

   58.5611	   46.3666	
   47.8855	   49.3185	

   55.2130	   42.7566	
   58.5611	   46.3666	

   38.8299	   15.8032	
   59.2487	   22.4923	

   59.2487	   22.4923	
   31.4462	   32.0252	

   48.6897	   71.9655	
   38.2874	   89.2396	

   43.8727	   69.8150	
   48.6897	   71.9655	

   38.2874	   89.2396	
   21.4063	   95.3829	

   30.6393	   87.4114	
   32.9262	   74.5222	

   32.9262	   74.5222	
   38.2874	   89.2396	

   26.1925	   84.7441	
   30.6393	   87.4114	

   38.2874	   89.2396	
   28.5538	   89.3811	

   30.6393	   87.4114	
   38.2874	   89.2396	

   28.5538	   89.3811	
   30.6393	   87.4114	

   38.2874	   89.2396	
   35.6317	   71.7007	

   43.8727	   69.8150	
   38.2874	   89.2396	

   29.4122	   67.0369	
   27.9697	   69.3758	

   41.1266	   67.2267	
   50.1835	   61.2707	

   50.1835	   61.2707	
   43.8727	   69.8150	

   35.6317	   71.7007	
   41.1266	   67.2267	

   43.8727	   69.8150	
   35.6317	   71.7007	

   41.1266	   67.2267	
   43.8727	   69.8150	

   35.6317	   71.7007	
   29.4122	   67.0369	

   35.5187	   62.5974	
   35.6317	   71.7007	

   27.9697	   69.3758	
   35.6317	   71.7007	

   35.6317	   71.7007	
   32.9262	   74.5222	

   26.1925	   84.7441	
   28.5538	   89.3811	

   16.0743	   90.5419	
   24.1305	   87.3806	

   24.1305	   87.3806	
   28.5538	   89.3811	

   21.4063	   95.3829	
   24.1305	   87.3806	

   28.5538	   89.3811	
   21.4063	   95.3829	

   14.1310	   77.6791	
   16.0743	   90.5419	

   21.4063	   95.3829	
   12.6868	   93.8774	

   16.0743	   90.5419	
   21.4063	   95.3829	

   12.6868	   93.8774	
   16.0743	   90.5419	

   24.1305	   87.3806	
   14.1310	   77.6791	

   26.1925	   84.7441	
   24.1305	   87.3806	

   23.8979	   64.7361	
   27.9697	   69.3758	

   14.1310	   77.6791	
   27.9697	   69.3758	

   26.1925	   84.7441	
   14.1310	   77.6791	

   32.9262	   74.5222	
   26.1925	   84.7441	

   27.9697	   69.3758	
   32.9262	   74.5222	

   26.1925	   84.7441	
   27.9697	   69.3758	

   14.1310	   77.6791	
   -1.8365	   65.6245	

   23.8979	   64.7361	
   14.1310	   77.6791	

   14.1310	   77.6791	
   12.6868	   93.8774	

   23.8979	   64.7361	
   -1.8365	   65.6245	

   41.1266	   67.2267	
   35.5187	   62.5974	

   45.1841	   58.4772	
   41.1266	   67.2267	

   35.5187	   62.5974	
   29.4122	   67.0369	

   35.5187	   62.5974	
   30.5420	   59.4325	

   39.9696	   46.6770	
   30.5420	   59.4325	

   29.4122	   67.0369	
   23.8979	   64.7361	

   30.5420	   59.4325	
   29.4122	   67.0369	

   24.0731	   52.2574	
   30.5420	   59.4325	

   23.8979	   64.7361	
   21.6045	   57.5576	

   30.5420	   59.4325	
   23.8979	   64.7361	

   39.9696	   46.6770	
   24.0731	   52.2574	

   35.5187	   62.5974	
   39.9696	   46.6770	

   45.1841	   58.4772	
   35.5187	   62.5974	

   39.9696	   46.6770	
   45.1841	   58.4772	

   39.9696	   46.6770	
   31.4462	   32.0252	

   55.2130	   42.7566	
   39.9696	   46.6770	

   31.4462	   32.0252	
   55.2130	   42.7566	

   38.8299	   15.8032	
   31.4462	   32.0252	

   26.1892	   21.1723	
   38.8299	   15.8032	

   31.4462	   32.0252	
   26.1892	   21.1723	

   31.4462	   32.0252	
   24.0731	   52.2574	

   10.7372	   15.5924	
   26.1892	   21.1723	

   26.1892	   21.1723	
    3.2428	   27.1616	

   21.6045	   57.5576	
   -1.8365	   65.6245	

   -1.8365	   65.6245	
   -4.7170	   57.8270	

   24.0731	   52.2574	
   22.6818	   55.2577	

   20.6564	   49.7907	
   24.0731	   52.2574	

   20.6564	   49.7907	
   22.6818	   55.2577	

   30.5420	   59.4325	
   21.6045	   57.5576	

   22.6818	   55.2577	
   30.5420	   59.4325	

   21.6045	   57.5576	
   22.6818	   55.2577	

   21.6045	   57.5576	
   -4.7170	   57.8270	

   20.6564	   49.7907	
   21.6045	   57.5576	

   -4.7170	   57.8270	
   20.6564	   49.7907	

   20.6564	   49.7907	
  -10.5718	   48.9948	

   31.4462	   32.0252	
   20.6564	   49.7907	

    3.2428	   27.1616	
   31.4462	   32.0252	

   20.6564	   49.7907	
    3.2428	   27.1616	

    3.2428	   27.1616	
   -4.6413	   21.2599	

   10.7372	   15.5924	
    3.2428	   27.1616	

   -4.6413	   21.2599	
   10.7372	   15.5924	

   59.2487	   22.4923	
   68.2514	   -9.0759	

   73.6650	    2.0192	
   59.2487	   22.4923	

   96.4888	   24.6811	
   73.6650	    2.0192	

   63.2050	  -34.0980	
   81.0010	  -38.6643	

   96.4888	   24.6811	
   85.1855	   -7.8785	

   96.4970	  -22.9158	
   96.4888	   24.6811	

   96.4970	  -22.9158	
   85.1855	   -7.8785	

   87.9867	  -15.3159	
   96.4970	  -22.9158	

   87.9867	  -15.3159	
   85.1855	   -7.8785	

   83.2393	   -8.0222	
   87.9867	  -15.3159	

   85.1855	   -7.8785	
   73.6650	    2.0192	

   83.2393	   -8.0222	
   85.1855	   -7.8785	

   91.2208	  -30.2322	
   87.9867	  -15.3159	

   82.6057	  -35.6650	
   94.0858	  -32.4848	

   91.2208	  -30.2322	
   82.6057	  -35.6650	

   96.4970	  -22.9158	
   91.2208	  -30.2322	

   94.0858	  -32.4848	
   96.4970	  -22.9158	

   91.2208	  -30.2322	
   94.0858	  -32.4848	

   82.6057	  -35.6650	
   81.0010	  -38.6643	

   86.9944	  -44.0150	
   82.6057	  -35.6650	

   82.6057	  -35.6650	
   87.9867	  -15.3159	

   82.6057	  -35.6650	
   64.1845	  -23.2436	

   63.2050	  -34.0980	
   82.6057	  -35.6650	

   38.8299	   15.8032	
   32.8900	    3.5730	

   68.2514	   -9.0759	
   38.8299	   15.8032	

   68.6614	   -8.9142	
   79.4300	   -9.1894	

   83.2393	   -8.0222	
   73.6650	    2.0192	

   79.4300	   -9.1894	
   83.2393	   -8.0222	

   73.6650	    2.0192	
   79.4300	   -9.1894	

   64.1845	  -23.2436	
   68.6614	   -8.9142	

   73.6650	    2.0192	
   68.2514	   -9.0759	

   68.6614	   -8.9142	
   73.6650	    2.0192	

   68.2514	   -9.0759	
   68.6614	   -8.9142	

   64.1845	  -23.2436	
   68.2514	   -9.0759	

   69.6711	  -47.1073	
   63.2050	  -34.0980	

   87.9867	  -15.3159	
   79.4300	   -9.1894	

   64.1845	  -23.2436	
   87.9867	  -15.3159	

   79.4300	   -9.1894	
   64.1845	  -23.2436	

   63.2050	  -34.0980	
   64.1845	  -23.2436	

   49.7595	  -35.3890	
   63.2050	  -34.0980	

   51.7803	  -37.2629	
   49.7595	  -35.3890	

   63.2050	  -34.0980	
   51.7803	  -37.2629	

   51.9810	  -39.6648	
   63.2050	  -34.0980	

   51.7803	  -37.2629	
   51.9810	  -39.6648	

   69.6711	  -47.1073	
   51.9810	  -39.6648	

   51.4538	  -81.7664	
   66.4685	  -74.1902	

   94.0858	  -32.4848	
   86.9944	  -44.0150	

   73.0081	  -67.7485	
   94.0858	  -32.4848	

   86.9944	  -44.0150	
   81.0010	  -38.6643	

   73.0081	  -67.7485	
   86.9944	  -44.0150	

   86.9944	  -44.0150	
   80.9815	  -40.3364	

   84.6712	  -47.4373	
   86.9944	  -44.0150	

   84.6712	  -47.4373	
   80.9815	  -40.3364	

   69.6711	  -47.1073	
   84.6712	  -47.4373	

   81.0010	  -38.6643	
   69.6711	  -47.1073	

   80.9815	  -40.3364	
   81.0010	  -38.6643	

   69.6711	  -47.1073	
   80.9815	  -40.3364	

   68.7151	  -63.6061	
   69.6711	  -47.1073	

   64.3521	  -71.0952	
   73.0081	  -67.7485	

   84.6712	  -47.4373	
   68.7151	  -63.6061	

   73.0081	  -67.7485	
   84.6712	  -47.4373	

   68.7151	  -63.6061	
   73.0081	  -67.7485	

   63.0038	  -75.7773	
   66.4685	  -74.1902	

   73.0081	  -67.7485	
   65.8176	  -72.6097	

   66.4685	  -74.1902	
   73.0081	  -67.7485	

   65.8176	  -72.6097	
   66.4685	  -74.1902	

   65.8176	  -72.6097	
   64.3521	  -71.0952	

   63.0038	  -75.7773	
   65.8176	  -72.6097	

   60.1183	  -58.6111	
   69.6711	  -47.1073	

   51.7661	  -65.1774	
   64.3521	  -71.0952	

   52.9336	  -62.1840	
   64.3521	  -71.0952	

   68.7151	  -63.6061	
   60.1183	  -58.6111	

   64.3521	  -71.0952	
   68.7151	  -63.6061	

   60.1183	  -58.6111	
   64.3521	  -71.0952	

   60.1183	  -58.6111	
   59.3833	  -58.3880	

   52.9336	  -62.1840	
   60.1183	  -58.6111	

   59.3833	  -58.3880	
   52.9336	  -62.1840	

   51.1738	  -53.4049	
   59.3833	  -58.3880	

   69.6711	  -47.1073	
   51.1738	  -53.4049	

   59.3833	  -58.3880	
   69.6711	  -47.1073	

   64.3521	  -71.0952	
   53.7112	  -74.9640	

   63.0038	  -75.7773	
   64.3521	  -71.0952	

   51.4538	  -81.7664	
   63.0038	  -75.7773	

   51.4538	  -81.7664	
   54.2618	  -77.8095	

   63.0038	  -75.7773	
   53.7112	  -74.9640	

   54.2618	  -77.8095	
   63.0038	  -75.7773	

   53.7112	  -74.9640	
   54.2618	  -77.8095	

    8.2968	    8.8643	
   -4.6413	   21.2599	

   51.4538	  -81.7664	
   53.7112	  -74.9640	

   49.7595	  -35.3890	
   64.1845	  -23.2436	

   64.1845	  -23.2436	
   41.1338	  -21.5215	

   51.7661	  -65.1774	
   52.9336	  -62.1840	

   68.2514	   -9.0759	
   32.8900	    3.5730	

   41.1338	  -21.5215	
   68.2514	   -9.0759	

   51.9810	  -39.6648	
   49.7595	  -35.3890	

   45.5903	  -59.4463	
   49.7595	  -35.3890	

   41.5254	  -28.2774	
   45.5903	  -59.4463	

   51.1738	  -53.4049	
   51.9810	  -39.6648	

   51.9810	  -39.6648	
   45.5903	  -59.4463	

   49.7595	  -35.3890	
   41.1338	  -21.5215	

   41.5254	  -28.2774	
   49.7595	  -35.3890	

   41.1338	  -21.5215	
   41.5254	  -28.2774	

   52.9336	  -62.1840	
   51.1738	  -53.4049	

   47.1778	  -60.8160	
   52.9336	  -62.1840	

   39.9406	  -76.6162	
   47.1778	  -60.8160	

   53.7112	  -74.9640	
   51.7661	  -65.1774	

   47.1778	  -60.8160	
   50.2269	  -67.2584	

   51.7661	  -65.1774	
   47.1778	  -60.8160	

   50.2269	  -67.2584	
   51.7661	  -65.1774	

   39.9406	  -76.6162	
   45.5903	  -59.4463	

   51.1738	  -53.4049	
   45.5903	  -59.4463	

   47.1778	  -60.8160	
   51.1738	  -53.4049	

   45.5903	  -59.4463	
   47.1778	  -60.8160	

   45.5903	  -59.4463	
   22.7478	  -64.1231	

   30.2450	  -70.1212	
   45.5903	  -59.4463	

   10.7372	   15.5924	
    8.2968	    8.8643	

   17.2975	   14.1665	
   10.7372	   15.5924	

   41.1338	  -21.5215	
   32.8900	    3.5730	

   -9.7612	  -19.2980	
   41.1338	  -21.5215	

   17.2975	   14.1665	
    8.2968	    8.8643	

   32.8900	    3.5730	
   26.1892	   21.1723	

   17.2975	   14.1665	
   32.8900	    3.5730	

   26.1892	   21.1723	
   17.2975	   14.1665	

   32.8900	    3.5730	
    8.2968	    8.8643	

   -9.7612	  -19.2980	
   32.8900	    3.5730	

   41.5254	  -28.2774	
   -9.7612	  -19.2980	

   22.7478	  -64.1231	
   41.5254	  -28.2774	

   41.5254	  -28.2774	
    0.7187	  -59.7134	

   30.2450	  -70.1212	
   22.7478	  -64.1231	

   23.1465	  -73.7745	
   30.2450	  -70.1212	

   23.1465	  -73.7745	
   22.7478	  -64.1231	

   15.5904	  -68.1863	
   23.1465	  -73.7745	

    0.7187	  -59.7134	
   15.5904	  -68.1863	

   22.7478	  -64.1231	
    0.7187	  -59.7134	

   15.5904	  -68.1863	
   22.7478	  -64.1231	

   23.1465	  -73.7745	
   20.6515	  -79.1156	

   23.7904	  -75.5351	
   23.1465	  -73.7745	

   23.7904	  -75.5351	
   20.6515	  -79.1156	

   20.0343	  -96.8269	
   51.4538	  -81.7664	

   39.9406	  -76.6162	
   30.2450	  -70.1212	

   27.2020	  -87.1201	
   51.4538	  -81.7664	

   34.2285	  -79.1855	
   51.4538	  -81.7664	

   39.9406	  -76.6162	
   34.2285	  -79.1855	

   51.4538	  -81.7664	
   39.9406	  -76.6162	

   53.7112	  -74.9640	
   50.2269	  -67.2584	

   39.9406	  -76.6162	
   53.7112	  -74.9640	

   50.2269	  -67.2584	
   39.9406	  -76.6162	

   34.2285	  -79.1855	
   30.2450	  -70.1212	

   23.7904	  -75.5351	
   34.2285	  -79.1855	

   30.2450	  -70.1212	
   23.7904	  -75.5351	

   23.7904	  -75.5351	
   23.7607	  -84.6347	

   27.3514	  -84.8211	
   23.7904	  -75.5351	

   20.0343	  -96.8269	
   27.2020	  -87.1201	

   34.2285	  -79.1855	
   27.3514	  -84.8211	

   27.2020	  -87.1201	
   34.2285	  -79.1855	

   25.3152	  -87.5528	
   27.2020	  -87.1201	

   27.2020	  -87.1201	
   27.3514	  -84.8211	

   27.3514	  -84.8211	
   23.7607	  -84.6347	

   25.3152	  -87.5528	
   27.3514	  -84.8211	

   23.7607	  -84.6347	
   25.3152	  -87.5528	

   -0.5218	  -77.3747	
    0.7187	  -59.7134	

   20.0343	  -96.8269	
   25.3152	  -87.5528	

   20.6515	  -79.1156	
   15.5904	  -68.1863	

   11.7736	  -78.6009	
   22.2153	  -84.1996	

   20.6515	  -79.1156	
   11.7736	  -78.6009	

   23.7607	  -84.6347	
   20.6515	  -79.1156	

   22.2153	  -84.1996	
   23.7607	  -84.6347	

   20.6515	  -79.1156	
   22.2153	  -84.1996	

   -0.5218	  -77.3747	
   -4.4254	  -93.8949	

   -0.5218	  -77.3747	
   11.7736	  -78.6009	

   15.5904	  -68.1863	
   -0.5218	  -77.3747	

   11.7736	  -78.6009	
   15.5904	  -68.1863	

   11.7736	  -78.6009	
   -4.4254	  -93.8949	

   14.4714	  -94.1617	
   11.7736	  -78.6009	

   25.3152	  -87.5528	
   22.2153	  -84.1996	

   14.4714	  -94.1617	
   25.3152	  -87.5528	

   22.2153	  -84.1996	
   14.4714	  -94.1617	

  -34.3740	  -92.9656	
   20.0343	  -96.8269	

   14.4714	  -94.1617	
   -4.4254	  -93.8949	

   20.0343	  -96.8269	
   14.4714	  -94.1617	

   -4.4254	  -93.8949	
   20.0343	  -96.8269	

  -13.6385	  -72.6159	
    0.7187	  -59.7134	

   -5.1261	   21.6594	
    3.2428	   27.1616	

   -9.6403	   87.6852	
   12.6868	   93.8774	

   14.1310	   77.6791	
   -9.6403	   87.6852	

   -9.3733	   75.2980	
   14.1310	   77.6791	

   12.6868	   93.8774	
  -55.0699	   81.3122	

   -9.6403	   87.6852	
  -21.4461	   85.6536	

   -9.3733	   75.2980	
   -9.6403	   87.6852	

   -9.3733	   75.2980	
  -21.4461	   85.6536	

   12.6868	   93.8774	
  -34.7821	   84.1382	

  -21.4461	   85.6536	
   12.6868	   93.8774	

  -34.7821	   84.1382	
  -36.6696	   77.1805	

  -21.4461	   85.6536	
  -34.7821	   84.1382	

  -25.2937	   82.3486	
  -21.4461	   85.6536	

  -34.7821	   84.1382	
  -25.2937	   82.3486	

   -9.3733	   75.2980	
  -25.2937	   82.3486	

   -9.3733	   75.2980	
  -12.1829	   70.1839	

   -1.8365	   65.6245	
   -9.3733	   75.2980	

  -13.9469	   65.5629	
   -1.8365	   65.6245	

  -12.1829	   70.1839	
  -13.9469	   65.5629	

   -1.8365	   65.6245	
  -12.1829	   70.1839	

  -12.1829	   70.1839	
  -25.2937	   82.3486	

  -23.2865	   61.7965	
  -12.1829	   70.1839	

  -25.2937	   82.3486	
  -36.6696	   77.1805	

  -23.2865	   61.7965	
  -25.2937	   82.3486	

  -36.6696	   77.1805	
  -23.2865	   61.7965	

  -36.6696	   77.1805	
  -42.1979	   74.5663	

  -40.7930	   72.1095	
  -36.6696	   77.1805	

  -42.1979	   74.5663	
  -34.7821	   84.1382	

  -42.1979	   74.5663	
  -51.3634	   78.1053	

  -51.3634	   78.1053	
  -34.7821	   84.1382	

  -51.6675	   78.4493	
  -51.3634	   78.1053	

  -55.0699	   81.3122	
  -61.1694	   79.0628	

  -51.6675	   78.4493	
  -34.7821	   84.1382	

  -55.0699	   81.3122	
  -51.6675	   78.4493	

  -34.7821	   84.1382	
  -55.0699	   81.3122	

  -40.7930	   72.1095	
  -42.1979	   74.5663	

  -42.1979	   74.5663	
  -44.4469	   69.4911	

  -40.7930	   72.1095	
  -44.4469	   69.4911	

  -44.4469	   69.4911	
  -40.9129	   62.5441	

  -51.3634	   78.1053	
  -57.5935	   67.9368	

  -44.4469	   69.4911	
  -51.3634	   78.1053	

  -57.5935	   67.9368	
  -44.4469	   69.4911	

  -57.5935	   67.9368	
  -60.8405	   63.7947	

  -40.9129	   62.5441	
  -57.5935	   67.9368	

  -57.5935	   67.9368	
  -51.6675	   78.4493	

  -51.6675	   78.4493	
  -61.1694	   79.0628	

  -40.7930	   72.1095	
  -40.9129	   62.5441	

  -23.2865	   61.7965	
  -40.7930	   72.1095	

  -41.7407	    6.8704	
  -21.0639	    4.5720	

  -10.5718	   48.9948	
   -4.7170	   57.8270	

   -4.7170	   57.8270	
  -13.9469	   65.5629	

  -23.2865	   61.7965	
  -40.9129	   62.5441	

  -29.6696	   40.5710	
  -23.2865	   61.7965	

  -23.2865	   61.7965	
  -38.1917	   51.2306	

  -13.9469	   65.5629	
  -23.2865	   61.7965	

  -10.5718	   48.9948	
  -13.9469	   65.5629	

  -23.2865	   61.7965	
  -10.5718	   48.9948	

  -29.6696	   40.5710	
  -38.1917	   51.2306	

  -40.8953	   47.3917	
  -38.1917	   51.2306	

  -10.2652	   22.5742	
    3.2428	   27.1616	

    3.2428	   27.1616	
  -10.5718	   48.9948	

  -21.0639	    4.5720	
   -4.6413	   21.2599	

  -10.2652	   22.5742	
   -4.6413	   21.2599	

   -5.1261	   21.6594	
  -10.2652	   22.5742	

   -4.6413	   21.2599	
   -5.1261	   21.6594	

  -10.5718	   48.9948	
  -29.6696	   40.5710	

  -10.2652	   22.5742	
  -10.5718	   48.9948	

  -29.6696	   40.5710	
  -40.8953	   47.3917	

  -10.2652	   22.5742	
  -29.6696	   40.5710	

  -21.0639	    4.5720	
  -10.2652	   22.5742	

  -29.6696	   40.5710	
  -21.0639	    4.5720	

  -41.7407	    6.8704	
  -29.6696	   40.5710	

  -29.6696	   40.5710	
  -55.2680	   32.5656	

  -40.9129	   62.5441	
  -60.8405	   63.7947	

  -44.9889	   49.2534	
  -38.1917	   51.2306	

  -40.9129	   62.5441	
  -44.9889	   49.2534	

  -38.1917	   51.2306	
  -40.9129	   62.5441	

  -44.9889	   49.2534	
  -60.8405	   63.7947	

  -55.4902	   47.7345	
  -44.9889	   49.2534	

  -55.4902	   47.7345	
  -60.5855	   46.6076	

  -55.2680	   32.5656	
  -55.4902	   47.7345	

  -55.4902	   47.7345	
  -60.8405	   63.7947	

  -55.2680	   32.5656	
  -60.5855	   46.6076	

  -40.8953	   47.3917	
  -44.9889	   49.2534	

  -55.2680	   32.5656	
  -40.8953	   47.3917	

  -44.9889	   49.2534	
  -55.2680	   32.5656	

  -55.2680	   32.5656	
  -59.5482	   23.3864	

  -41.7407	    6.8704	
  -55.2680	   32.5656	

  -59.5482	   23.3864	
  -41.7407	    6.8704	

  -59.5482	   23.3864	
  -64.2008	   23.7217	

  -61.7285	   11.9734	
  -59.5482	   23.3864	

  -68.3857	   45.0334	
  -63.6201	   37.2391	

  -61.7364	   47.0918	
  -55.4902	   47.7345	

  -55.4902	   47.7345	
  -64.8119	   56.0986	

  -64.8119	   56.0986	
  -60.8405	   63.7947	

  -67.2889	   58.8006	
  -64.8119	   56.0986	

  -61.1694	   79.0628	
  -67.0904	   69.6398	

  -57.5935	   67.9368	
  -61.1694	   79.0628	

  -67.0904	   69.6398	
  -57.5935	   67.9368	

  -67.2889	   58.8006	
  -60.8405	   63.7947	

  -67.0904	   69.6398	
  -68.9813	   68.8923	

  -60.8405	   63.7947	
  -67.0904	   69.6398	

  -68.9813	   68.8923	
  -60.8405	   63.7947	

  -61.7364	   47.0918	
  -64.8119	   56.0986	

  -65.7744	   53.4413	
  -67.2889	   58.8006	

  -63.6201	   37.2391	
  -60.5855	   46.6076	

  -61.7364	   47.0918	
  -63.6201	   37.2391	

  -60.5855	   46.6076	
  -61.7364	   47.0918	

  -68.3857	   45.0334	
  -61.7364	   47.0918	

  -61.7364	   47.0918	
  -65.3601	   50.7497	

  -68.3857	   45.0334	
  -65.3601	   50.7497	

  -65.3601	   50.7497	
  -64.8119	   56.0986	

  -65.7744	   53.4413	
  -65.3601	   50.7497	

  -64.8119	   56.0986	
  -65.7744	   53.4413	

  -65.7744	   53.4413	
  -70.6903	   58.8917	

  -68.3857	   45.0334	
  -65.7744	   53.4413	

  -61.1694	   79.0628	
  -77.1241	   62.5579	

  -74.9203	   64.7075	
  -77.1241	   62.5579	

  -70.6903	   58.8917	
  -74.9203	   64.7075	

  -61.1694	   79.0628	
  -74.9203	   64.7075	

  -68.9813	   68.8923	
  -61.1694	   79.0628	

  -74.9203	   64.7075	
  -68.9813	   68.8923	

  -77.1241	   62.5579	
  -86.3974	   48.3194	

  -77.1241	   62.5579	
  -76.9256	   59.2413	

  -70.6903	   58.8917	
  -77.1241	   62.5579	

  -70.6903	   58.8917	
  -76.9256	   59.2413	

  -68.3857	   45.0334	
  -70.6903	   58.8917	

  -76.9256	   59.2413	
  -86.3974	   48.3194	

  -68.3857	   45.0334	
  -76.9256	   59.2413	

  -67.2889	   58.8006	
  -68.9813	   68.8923	

  -70.6903	   58.8917	
  -67.2889	   58.8006	

  -68.9813	   68.8923	
  -70.6903	   58.8917	

  -68.3857	   45.0334	
  -86.3974	   48.3194	

  -88.2283	   44.3548	
  -68.3857	   45.0334	

  -86.3974	   48.3194	
  -88.2283	   44.3548	

  -74.1481	   32.7178	
  -88.2283	   44.3548	

  -74.5494	   -2.2420	
  -71.3914	   -1.9685	

  -55.2680	   32.5656	
  -63.6201	   37.2391	

  -64.2008	   23.7217	
  -55.2680	   32.5656	

  -63.6201	   37.2391	
  -70.5121	   32.0760	

  -64.2008	   23.7217	
  -63.6201	   37.2391	

  -61.7285	   11.9734	
  -64.2008	   23.7217	

  -64.2008	   23.7217	
  -70.5121	   32.0760	

  -68.5665	   17.5779	
  -64.2008	   23.7217	

  -68.5665	   17.5779	
  -70.5121	   32.0760	

  -74.1481	   32.7178	
  -68.5665	   17.5779	

  -68.3857	   45.0334	
  -74.1481	   32.7178	

  -70.5121	   32.0760	
  -68.3857	   45.0334	

  -74.1481	   32.7178	
  -70.5121	   32.0760	

  -61.7285	   11.9734	
  -68.5665	   17.5779	

  -49.3894	  -13.7710	
  -62.2197	    6.8071	

  -41.7407	    6.8704	
  -61.7285	   11.9734	

  -62.2197	    6.8071	
  -41.7407	    6.8704	

  -61.7285	   11.9734	
  -65.8203	    8.9686	

  -62.2197	    6.8071	
  -61.7285	   11.9734	

  -62.2197	    6.8071	
  -65.8203	    8.9686	

  -71.3914	   -1.9685	
  -62.2197	    6.8071	

  -65.8203	    8.9686	
  -71.3914	   -1.9685	

  -68.5665	   17.5779	
  -80.6679	   19.1888	

  -65.8203	    8.9686	
  -68.5665	   17.5779	

  -80.6679	   19.1888	
  -74.1481	   32.7178	

  -88.2283	   44.3548	
  -97.9983	   19.6939	

  -89.7349	   34.5346	
  -88.2283	   44.3548	

  -80.6679	   19.1888	
  -86.2087	   27.5232	

  -91.2978	   23.2968	
  -86.2087	   27.5232	

  -86.2087	   27.5232	
  -74.1481	   32.7178	

  -89.7349	   34.5346	
  -86.2087	   27.5232	

  -74.1481	   32.7178	
  -89.7349	   34.5346	

  -80.6679	   19.1888	
  -91.2978	   23.2968	

  -89.7349	   34.5346	
  -97.9983	   19.6939	

  -91.2978	   23.2968	
  -89.7349	   34.5346	

  -97.9983	   19.6939	
  -91.2978	   23.2968	

  -65.8203	    8.9686	
  -80.6679	   19.1888	

  -74.5494	   -2.2420	
  -65.8203	    8.9686	

  -74.5494	   -2.2420	
  -76.1795	   -3.7050	

  -73.3658	   -6.5519	
  -74.5494	   -2.2420	

  -80.6679	   19.1888	
  -97.9983	   19.6939	

  -80.6679	   19.1888	
  -78.1823	   -3.8665	

  -74.5494	   -2.2420	
  -80.6679	   19.1888	

  -78.1823	   -3.8665	
  -74.5494	   -2.2420	

  -21.0639	    4.5720	
  -37.0169	  -14.4937	

    8.2968	    8.8643	
  -21.0639	    4.5720	

   -9.7612	  -19.2980	
    8.2968	    8.8643	

  -49.3894	  -13.7710	
  -71.3914	   -1.9685	

  -21.0639	    4.5720	
  -23.3463	  -16.0645	

   -9.7612	  -19.2980	
  -21.0639	    4.5720	

  -37.0169	  -14.4937	
  -41.7407	    6.8704	

  -41.7407	    6.8704	
  -49.3894	  -13.7710	

   -9.7612	  -19.2980	
  -23.3463	  -16.0645	

  -23.3463	  -16.0645	
  -37.0169	  -14.4937	

  -27.4921	  -18.2391	
  -23.3463	  -16.0645	

  -40.9966	  -41.4935	
  -28.5567	  -18.5395	

  -27.4921	  -18.2391	
  -37.0169	  -14.4937	

  -28.5567	  -18.5395	
  -27.4921	  -18.2391	

  -37.0169	  -14.4937	
  -28.5567	  -18.5395	

   -9.7612	  -19.2980	
  -27.4921	  -18.2391	

  -20.0352	  -58.4274	
    0.7187	  -59.7134	

   -9.7612	  -19.2980	
  -20.0352	  -58.4274	

    0.7187	  -59.7134	
   -9.7612	  -19.2980	

  -27.4921	  -18.2391	
  -40.9966	  -41.4935	

  -20.0352	  -58.4274	
  -27.4921	  -18.2391	

  -20.0352	  -58.4274	
  -40.9966	  -41.4935	

  -44.2990	  -54.3366	
  -20.0352	  -58.4274	

  -40.9966	  -41.4935	
  -44.2990	  -54.3366	

  -40.9966	  -41.4935	
  -37.0169	  -14.4937	

  -44.7484	  -54.5276	
  -44.2990	  -54.3366	

  -49.3894	  -13.7710	
  -52.4090	  -26.6174	

  -37.0169	  -14.4937	
  -49.3894	  -13.7710	

  -52.4090	  -26.6174	
  -37.0169	  -14.4937	

  -40.9966	  -41.4935	
  -52.4090	  -26.6174	

  -46.4391	  -44.6944	
  -40.9966	  -41.4935	

  -50.8168	  -51.2279	
  -46.4391	  -44.6944	

  -46.4391	  -44.6944	
  -52.4090	  -26.6174	

  -48.6930	  -52.7387	
  -50.8168	  -51.2279	

  -50.1036	  -55.8527	
  -44.7484	  -54.5276	

  -48.6930	  -52.7387	
  -50.1036	  -55.8527	

  -44.7484	  -54.5276	
  -48.6930	  -52.7387	

  -44.2990	  -54.3366	
  -46.4391	  -44.6944	

  -48.6930	  -52.7387	
  -44.2990	  -54.3366	

  -46.4391	  -44.6944	
  -48.6930	  -52.7387	

  -58.5302	  -56.8462	
  -51.4737	  -62.2752	

  -51.4737	  -62.2752	
  -50.1036	  -55.8527	

  -50.1036	  -55.8527	
  -50.8168	  -51.2279	

  -58.5302	  -56.8462	
  -50.1036	  -55.8527	

  -31.6651	  -64.7984	
  -44.2990	  -54.3366	

  -44.2990	  -54.3366	
  -35.6817	  -67.5864	

  -17.7481	  -88.7762	
   -0.5218	  -77.3747	

  -20.0352	  -58.4274	
  -31.6651	  -64.7984	

  -13.6385	  -72.6159	
  -20.0352	  -58.4274	

  -38.8945	  -81.3833	
  -23.5470	  -81.1948	

  -13.6385	  -72.6159	
  -31.6651	  -64.7984	

  -23.5470	  -81.1948	
  -13.6385	  -72.6159	

  -23.5470	  -81.1948	
  -31.6651	  -64.7984	

  -35.6817	  -67.5864	
  -23.5470	  -81.1948	

  -31.6651	  -64.7984	
  -35.6817	  -67.5864	

  -44.7484	  -54.5276	
  -51.4737	  -62.2752	

  -35.6817	  -67.5864	
  -44.7484	  -54.5276	

  -17.7481	  -88.7762	
  -19.8825	  -82.5277	

  -19.8825	  -82.5277	
  -23.5470	  -81.1948	

   -4.4254	  -93.8949	
  -17.7481	  -88.7762	

  -34.3740	  -92.9656	
   -4.4254	  -93.8949	

  -17.7481	  -88.7762	
  -23.5470	  -81.1948	

  -34.3740	  -92.9656	
  -17.7481	  -88.7762	

   -0.5218	  -77.3747	
  -13.6385	  -72.6159	

  -19.8825	  -82.5277	
   -0.5218	  -77.3747	

  -13.6385	  -72.6159	
  -19.8825	  -82.5277	

  -51.9856	  -85.1058	
  -34.3740	  -92.9656	

  -34.3740	  -92.9656	
  -23.5470	  -81.1948	

  -36.9727	  -90.0054	
  -34.3740	  -92.9656	

  -23.5470	  -81.1948	
  -36.9727	  -90.0054	

  -38.8945	  -81.3833	
  -35.6817	  -67.5864	

  -58.3626	  -60.8199	
  -54.4219	  -68.2418	

  -51.4737	  -62.2752	
  -58.3626	  -60.8199	

  -51.4737	  -62.2752	
  -54.4219	  -68.2418	

  -46.1820	  -75.5197	
  -35.6817	  -67.5864	

  -51.4737	  -62.2752	
  -46.1820	  -75.5197	

  -35.6817	  -67.5864	
  -51.4737	  -62.2752	

  -46.1820	  -75.5197	
  -54.4219	  -68.2418	

  -54.9403	  -74.0878	
  -46.1820	  -75.5197	

  -54.9403	  -74.0878	
  -54.4219	  -68.2418	

  -61.9693	  -70.6342	
  -54.9403	  -74.0878	

  -38.8945	  -81.3833	
  -46.1820	  -75.5197	

  -46.1820	  -75.5197	
  -51.9856	  -85.1058	

  -36.9727	  -90.0054	
  -38.8945	  -81.3833	

  -51.9856	  -85.1058	
  -36.9727	  -90.0054	

  -38.8945	  -81.3833	
  -51.9856	  -85.1058	

  -58.8147	  -80.3628	
  -51.9856	  -85.1058	

  -51.9856	  -85.1058	
  -54.9403	  -74.0878	

  -57.5359	  -79.4269	
  -51.9856	  -85.1058	

  -54.9403	  -74.0878	
  -57.5359	  -79.4269	

  -58.5302	  -56.8462	
  -50.8168	  -51.2279	

  -50.8168	  -51.2279	
  -69.1893	  -36.9253	

  -65.7963	  -19.9035	
  -71.3914	   -1.9685	

  -71.3914	   -1.9685	
  -73.3658	   -6.5519	

  -58.5302	  -56.8462	
  -69.1893	  -36.9253	

  -67.2754	  -33.2136	
  -52.4090	  -26.6174	

  -65.7963	  -19.9035	
  -73.3658	   -6.5519	

  -70.2754	  -25.2940	
  -65.7963	  -19.9035	

  -65.7963	  -19.9035	
  -71.0703	  -20.5920	

  -49.3894	  -13.7710	
  -65.7963	  -19.9035	

  -63.6961	  -23.7343	
  -49.3894	  -13.7710	

  -65.7963	  -19.9035	
  -63.6961	  -23.7343	

  -70.2754	  -25.2940	
  -71.0703	  -20.5920	

  -71.0703	  -20.5920	
  -73.3658	   -6.5519	

  -73.0777	  -22.6034	
  -71.0703	  -20.5920	

  -63.6961	  -23.7343	
  -70.2754	  -25.2940	

  -46.4391	  -44.6944	
  -67.2754	  -33.2136	

  -69.1893	  -36.9253	
  -46.4391	  -44.6944	

  -69.1893	  -36.9253	
  -67.2754	  -33.2136	

  -67.2754	  -33.2136	
  -67.4807	  -29.5222	

  -52.4090	  -26.6174	
  -63.6961	  -23.7343	

  -67.4807	  -29.5222	
  -52.4090	  -26.6174	

  -63.6961	  -23.7343	
  -67.4807	  -29.5222	

  -89.6947	  -32.0221	
  -70.2754	  -25.2940	

  -70.2754	  -25.2940	
  -73.0777	  -22.6034	

  -67.4807	  -29.5222	
  -70.2754	  -25.2940	

  -69.1893	  -36.9253	
  -67.4807	  -29.5222	

  -70.2754	  -25.2940	
  -69.1893	  -36.9253	

  -73.3895	  -43.0285	
  -69.1893	  -36.9253	

  -69.1893	  -36.9253	
  -89.6947	  -32.0221	

  -97.9983	   19.6939	
  -87.6795	  -21.6424	

  -78.1823	   -3.8665	
  -97.9983	   19.6939	

  -73.0777	  -22.6034	
  -73.3658	   -6.5519	

  -87.6795	  -21.6424	
  -73.3658	   -6.5519	

  -78.1823	   -3.8665	
  -87.6795	  -21.6424	

  -73.3658	   -6.5519	
  -76.1795	   -3.7050	

  -78.1823	   -3.8665	
  -73.3658	   -6.5519	

  -76.1795	   -3.7050	
  -78.1823	   -3.8665	

  -73.0777	  -22.6034	
  -87.6795	  -21.6424	

  -89.6947	  -32.0221	
  -73.0777	  -22.6034	

  -87.6795	  -21.6424	
  -91.4848	  -36.5948	

  -89.6947	  -32.0221	
  -87.6795	  -21.6424	

  -73.3895	  -43.0285	
  -89.6947	  -32.0221	

  -91.3833	  -38.9451	
  -84.2820	  -53.7921	

  -91.3833	  -38.9451	
  -82.9282	  -50.9933	

  -73.3895	  -43.0285	
  -91.3833	  -38.9451	

  -82.9282	  -50.9933	
  -73.3895	  -43.0285	

  -97.9983	   19.6939	
  -91.3833	  -38.9451	

  -91.4848	  -36.5948	
  -97.9983	   19.6939	

  -91.3833	  -38.9451	
  -89.6947	  -32.0221	

  -91.4848	  -36.5948	
  -91.3833	  -38.9451	

  -89.6947	  -32.0221	
  -91.4848	  -36.5948	

  -58.5302	  -56.8462	
  -73.3895	  -43.0285	

  -68.2428	  -72.8175	
  -66.7380	  -74.0968	

  -58.8147	  -80.3628	
  -57.5359	  -79.4269	

  -57.5359	  -79.4269	
  -61.9693	  -70.6342	

  -65.2722	  -57.5238	
  -73.3895	  -43.0285	

  -61.4121	  -66.4634	
  -58.3626	  -60.8199	

  -58.5302	  -56.8462	
  -65.2722	  -57.5238	

  -58.3626	  -60.8199	
  -58.5302	  -56.8462	

  -65.2722	  -57.5238	
  -58.3626	  -60.8199	

  -65.2722	  -57.5238	
  -68.1421	  -57.2227	

  -61.4121	  -66.4634	
  -65.2722	  -57.5238	

  -64.4716	  -66.7477	
  -61.4121	  -66.4634	

  -65.2722	  -57.5238	
  -64.4716	  -66.7477	

  -61.9693	  -70.6342	
  -64.4716	  -66.7477	

  -66.7380	  -74.0968	
  -58.8147	  -80.3628	

  -58.8147	  -80.3628	
  -61.9693	  -70.6342	

  -54.4219	  -68.2418	
  -61.4121	  -66.4634	

  -61.9693	  -70.6342	
  -54.4219	  -68.2418	

  -61.4121	  -66.4634	
  -61.9693	  -70.6342	

  -61.9693	  -70.6342	
  -63.5200	  -70.8299	

  -66.7380	  -74.0968	
  -61.9693	  -70.6342	

  -63.5200	  -70.8299	
  -66.7380	  -74.0968	

  -68.2428	  -72.8175	
  -63.5200	  -70.8299	

  -63.5200	  -70.8299	
  -64.4716	  -66.7477	

  -68.2428	  -72.8175	
  -64.4716	  -66.7477	

  -72.2029	  -69.1806	
  -68.2428	  -72.8175	

  -73.3895	  -43.0285	
  -81.6376	  -54.3964	

  -68.1421	  -57.2227	
  -73.3895	  -43.0285	

  -84.2820	  -53.7921	
  -72.2029	  -69.1806	

  -68.1421	  -57.2227	
  -81.6376	  -54.3964	

  -75.9950	  -64.0982	
  -68.1421	  -57.2227	

  -75.9950	  -64.0982	
  -81.6376	  -54.3964	

  -84.2820	  -53.7921	
  -75.9950	  -64.0982	

  -84.2820	  -53.7921	
  -81.6376	  -54.3964	

  -82.9282	  -50.9933	
  -84.2820	  -53.7921	

  -81.6376	  -54.3964	
  -82.9282	  -50.9933	

  -72.2029	  -69.1806	
  -64.4716	  -66.7477	

  -75.9950	  -64.0982	
  -72.2029	  -69.1806	

  -73.9743	  -66.1408	
  -75.9950	  -64.0982	

  -72.2029	  -69.1806	
  -73.9743	  -66.1408	

  -73.9743	  -66.1408	
  -64.4716	  -66.7477	

  -68.1421	  -57.2227	
  -73.9743	  -66.1408	

  -64.4716	  -66.7477	
  -68.1421	  -57.2227	

