# Uniform		Normal			Lognormal		Lognormal + shifted Normal
0.140008179890316	-0.228863039219842	1.00988918467709	1.20633841071206
0.765070278677612	1.48460698331364	0.412507464794264	0.187684396274087
0.0348403723730853	0.96947595380609	0.422231145688374	5.09994286207362
0.542818937515658	-0.297189490749675	0.238392696801206	4.06097090523893
0.344985281268018	-0.0433238328127192	0.695756027166731	0.904667322085864
0.237236083562052	-0.146273895929355	2.78173028962115	0.392802044047618
0.378316931499606	-0.407173020200831	0.123483766679408	1.40801491840608
0.394287975744567	0.828412073789389	6.60775150923432	1.59832188288928
0.252755982095496	-0.202444026083803	0.524923925681043	0.300243001102096
0.477762637478218	0.53994484641566	0.954310781782614	0.356004250084364
0.359141234088226	-0.034254658441721	1.50989013897903	4.46203819756586
0.444153732505193	0.348497739927142	0.850271396397986	5.54350984312847
0.188459851787932	-1.69962734855789	0.534458171515147	1.25027550847189
0.112425681462597	1.0787518612271	4.96202774746017	0.212195382162988
0.621757720061301	-0.80943428326856	2.58855909455805	1.43944169125726
0.993521197442572	1.07802284026194	0.32889384896546	2.36484070547496
0.208842790569941	1.13566248919941	0.785563020791827	0.754127387330165
0.110639080127851	2.4073321710741	0.436319429376356	0.591192334677945
0.513503782752818	-0.647720250346095	0.326320532250713	2.21431837950063
0.857842142189193	-0.215770235377274	0.28693612323627	1.77765627674176
0.516590824308908	-0.811145670281481	0.107013549930156	3.53284892616325
0.843170656203062	-0.497535285103909	1.38919882783066	3.67746278814233
0.830976863686477	-0.368614081736881	2.3603547245436	5.81901357283772
0.628927685999709	0.35787428066775	0.0564595390585437	0.42685765333513
0.701219763422236	-0.214795393171051	0.392660911459336	1.94809850952643
0.456853928897802	1.87654127861874	0.640414861373734	0.524621421757922
0.469353819217102	0.33622790646206	1.2952579489459	0.256208884457669
0.185800015364309	0.660180236134196	3.19903647716554	1.69187325180591
0.827748531642661	1.04389877410381	0.903069885623224	3.4008400633356
0.0612519761577332	0.559244598318915	1.20735120074164	1.37263492511239
0.308453076155163	-1.4648274703028	1.31914743652116	0.192464502021185
0.907599207547462	-2.13595873290202	0.815639185323106	0.224188281349013
0.223535039928033	-0.414434943933152	3.80453750640286	1.73570852474344
0.770844694004301	-1.6686548047704	1.59213038735751	2.92775237262762
0.501781913755211	-1.21866959170283	3.58269147027429	1.64975917740456
0.786697656321014	-0.68423532604964	0.26445978493065	0.597807597483478
0.219361434991342	0.841149167650838	0.692449146838141	1.29020364864876
0.0740585626545259	-0.390481080672317	4.28045706881604	1.51182047091625
0.0417429257874138	-0.262563540128657	0.263446656893183	0.302649086833874
0.324506180632406	-0.116123724986401	0.558655727424891	0.796586738734828
0.867081331415993	1.43198037106143	0.646473936264752	0.246251729765775
0.875802459867303	0.067187550957152	1.03392671698931	1.71810810536562
0.602449594628166	0.833224065582898	0.514437416084404	1.32814339616319
0.888969042134643	0.201769950307273	1.19492215186165	1.88817549819341
0.126950111608375	-0.290283173681029	0.849688855029023	0.795766752537435
0.117824104155902	1.64420829419602	0.0610981219104082	0.454479090811048
0.328966173325723	0.472856764882061	1.55187881620743	2.47713403649297
0.462415838290633	0.497084980699499	0.386267347083061	1.48147799946144
0.679284868174798	-0.110687321207219	0.576261004197335	8.1960892763972
0.237783178785616	0.474705522124976	0.71988217800292	2.73114577434871
0.174639528079126	0.269882382285599	0.0489908790070993	1.03485697817804
0.58455698736354	0.307732975384378	0.472094621120496	0.907206337056673
0.570659016494647	0.308250256474424	0.625306100093609	0.761927029004858
0.0542394838344102	0.800503346723475	0.18599252012219	1.02664725733198
0.205587998719411	-1.56303767483504	2.72652413070022	4.99139375686187
0.586718841861515	0.852559950149091	1.12847377121232	0.434450414992278
0.560428477188768	0.116593653452427	0.943224173957654	0.921301848772828
0.00278714962159643	1.72393161259303	2.413997713767	0.809961509129064
0.702329087861801	-0.380136214153833	1.85296021821544	0.383657597807469
0.0879320709380443	1.77614021561628	0.346782440665036	10.5191384487062
0.384502337166434	-0.527562423892654	1.51327609104992	3.23322827882187
0.691173507249797	1.11983300641668	0.977394435214763	0.473821041649802
0.413861808450079	-1.34806895515081	0.723540319557816	4.37309369278521
0.650553843144829	-1.05630462863082	6.67949815639997	1.25661418715459
0.365940177862027	-1.05599302844122	0.253290714438298	1.6436032022692
0.765856199477696	-0.499983796543462	3.10281731275434	1.63528039618566
0.938819942902632	-0.360877738553778	0.503953423997374	1.43126932970245
0.683962826680783	1.27798566077047	2.7935251850997	5.19855388109457
0.708659479504477	-0.653869759480436	0.558348811962858	1.58110586677714
0.0131116980288617	-1.54359023072283	3.44501159376716	0.328063655233677
0.511293581901097	-1.38880002617813	0.701175511124343	0.293823802097528
0.764006654704253	-0.282292944084684	3.85730606054264	0.491127334078796
0.156751104781331	-0.0303716754789326	0.978893526943463	1.2530101140724
0.327608098204568	0.252378247205124	4.65685361744249	0.636683470680499
0.975822410986249	0.387150947206416	1.25842745496711	0.300497795134513
0.702433295411445	-0.678449116241846	1.56045645735466	0.543545143456016
0.469485271678422	-0.787027536496233	0.401516252312148	0.583186823514095
0.823860107934153	-1.42708001787896	1.15943896132014	0.589195336546926
0.62822544593325	-1.45207832456496	4.410928178473	0.763760949802721
0.432211927947595	0.526269298888218	0.865978656424984	1.0227716254688
0.592777139221345	-0.862774369645092	1.56890206325529	0.502907308429449
0.812574776852902	1.59438009162124	1.57125830851795	0.4924168350476
0.778264360107701	0.825606415140399	1.02128167797315	0.819501002662492
0.112495939974745	1.87609074611445	0.966099908380392	2.17104109990028
0.888705563982936	0.658666328301639	5.27448877692914	5.4455469294781
0.770849670992336	1.47136743116684	1.53461686468414	0.424514461632749
0.940554197387354	1.24433699683134	1.66633449420785	0.775186042905981
0.914010184673064	0.372975754588308	0.198986582647219	0.765019864553361
0.596135451305431	-0.951318931189551	2.07126336931141	1.59273068140952
0.190411152404243	-0.169684012398884	2.73922478117862	0.647028483075635
0.96132991635848	-1.42183001404529	0.114731713626269	0.342301933102775
0.615271800336476	0.259621987374058	0.508866915563779	2.72394871860544
0.664879515075478	1.40734696415612	1.2270520538551	3.4724292228451
0.961275567164842	0.311349990786335	0.924037005540759	3.2058805035743
0.374511826705889	-0.667766441075251	0.589923700809031	0.394625238421816
0.514140236518309	0.859872776868053	3.32558255738138	0.405534569479596
0.0820164908521817	-0.337113887293526	1.30066023343414	3.43099430012147
0.153590525060517	-2.10038003411575	1.88505602501862	4.16282693633237
0.978158468447379	0.311146434346918	1.14802881023549	0.418895357668248
0.110437137255052	0.42747582606037	0.424819135043324	0.997639951121089
0.610794794241692	0.109163196854072	4.09452081019112	5.81185941460628
0.118956563114798	-0.447094791891437	1.30551507728602	4.11574550084608
0.0996970117437868	1.87905506182845	0.322358513714741	5.63243730081961
0.0392396041822463	0.338444955833991	0.595240328047017	0.880314907379467
0.818463190258188	-0.00603526915713019	0.31482193703693	0.636537969783093
0.345404489133219	0.899121756865147	0.960269456305663	4.98848476652728
0.746673525994294	0.16324071464205	1.44472011958605	0.886467312836975
0.241622046817967	-1.58726988861767	0.141684409554944	2.95496744662306
0.0875884939194759	-0.510662513854034	0.967457422121485	0.238071362551718
0.177799449354854	-0.140077089146618	1.01150057806725	0.784125815902255
0.949911505329645	-1.34806135778659	2.63960625463636	3.62266981254419
0.302523314354234	-0.123817743814031	1.17231907100429	1.80266470584794
0.500638647728732	-0.360686601277809	2.06086063871032	5.04444504543936
0.6788300060204	0.150298388948146	0.58977209710273	1.03394942665469
0.519120696524745	0.876926133423148	3.54364007437373	0.637594940207821
0.815121870620809	1.40429154258814	0.245693358743926	0.360720727146796
0.0138785835260896	-0.566333456434181	0.731083037412732	0.541162640304164
0.148329656854282	1.44072797504149	4.56934957161248	0.808334488004579
0.498865539861643	1.58110580158627	0.162773452895628	6.91765751887
0.131842004231443	0.761125179259945	0.243360139220533	3.69465789977572
0.278450117292004	0.819528103216382	0.69020804540297	0.42853629000705
0.908186301214544	0.254648288821577	2.18658802389255	0.630381572311415
0.270968107056007	1.59297522639278	0.163989073746829	0.246714714822949
0.689164822725118	0.0672673420952701	1.05771077446129	6.21643449582628
0.197512423521167	-0.955648861125937	1.09081658039079	4.88849673835023
0.599364329569958	-1.09981712883231	0.526562823856275	8.99252782183816
0.729251196135931	0.709632081417145	3.03251850258324	2.01904766147743
0.739530355604403	-1.23490718006784	0.699897235062084	3.82050837236907
0.0554109610197748	0.701693099320774	0.797468290654193	1.08913772344063
0.796427867233925	0.972745783682982	0.0748384533329941	2.49980356362006
0.175535478126498	0.941911725525998	0.548544332992993	0.573849045014507
0.150885980960591	0.559006634929141	1.12255489985995	0.945192596095898
0.736221391511531	0.484013835379798	2.37027149828219	4.31436604503673
0.960159473406875	-1.37639503245395	0.885555899929828	0.891374415025757
0.53550889553421	0.392331208543812	1.25094697632538	2.45707191327158
0.654650123159057	0.58428664010609	0.64633555519624	0.538780927740338
0.778894720695006	-0.4238561612697	0.124677472434059	0.359936708668343
0.975868477462242	-0.107662765947683	1.85972735272833	3.57764979813245
0.168706390233731	2.05825808987361	0.374198264600088	0.136226035148827
0.241213866743808	-0.682038483649088	2.98442191196083	1.85869977653999
0.478739694083517	-0.842185942731161	3.29548479765435	1.54401034314006
0.10436640673836	1.73050426101956	2.64620835747477	6.61426161173219
0.00828838846856403	0.714412749261041	0.707472886465293	3.14379379583432
0.330495629968182	-0.0828634315077435	0.613666149546652	4.16954709958009
0.0910567057970073	-0.487541134847534	2.90041061488812	1.48639847658083
0.0428787570654854	0.405427525473001	1.33664710232663	0.520213063276198
0.257518266276015	-1.36997437755054	2.01016043855431	4.89523296757772
0.171185019216839	0.0567065930946166	1.96878893828942	0.902801548407284
0.372985252972574	1.15544595790948	0.197120367585823	0.542892108243755
0.351982508748078	0.38899725991042	0.147733617066995	0.12032107876116
0.438427572262634	0.28762961555915	1.98143264252534	0.927079245239183
0.138086903252353	-0.148779101501479	0.132261926606821	1.23701713382734
0.339278478100277	0.307896138542658	1.49421739565106	0.710269841791873
0.264581145480926	1.44157220278285	0.964999978081316	1.40970525933942
0.422633948700449	0.0853031565061312	3.08514428274163	0.524911561402632
0.891908060671848	0.289124997188632	1.22089605490831	3.09928453339766
0.707717813158415	-0.259958818110613	2.1972763716305	0.212699728030268
0.892143112529146	0.0837818857991536	3.36022802474397	0.794779956912271
0.00268886761206842	-0.0631391020990659	0.408244790167215	3.48215037527592
0.260702442452175	0.474914017100747	0.909184445952514	0.651801124737884
0.327133637297135	0.833666675166679	2.07398261494927	0.802728996199936
0.0326420235329177	-0.977280756667891	2.2123978658978	0.546336060164567
0.299155164243741	1.19407977758174	0.36877402359029	3.10423126802091
0.529320056546575	1.87960907785599	0.988995660482934	1.25485242444618
0.429609019084259	1.04421077048892	1.73476170709738	1.8762328264219
0.603850956227319	-0.0370513590570507	0.559381432989045	1.0325035869104
0.731796448679035	-1.39177157141156	0.10673770419863	4.57188965822918
0.541679719948571	0.600861065570614	4.82309078082585	0.446812576521627
0.245637313406529	-1.41731542752249	0.709260430572101	0.678330349940482
0.994440660126254	1.27711504704547	0.23895230439056	1.17143093668224
0.949104670748998	0.718719732149707	0.402521059382798	2.5446684180389
0.701151116563867	0.474317177193401	2.48153557422217	2.2594043623393
0.325360284492199	-0.496765053343827	3.02113075600981	4.71297022632145
0.522597735477988	0.127753657314002	1.77135213547251	0.57909302404242
0.356901019968366	-0.435217994174631	0.325117903413448	2.40841025895567
0.0370604349999395	-0.898256071035537	0.592660987689453	3.39352695628297
0.406120348498332	0.507495668149377	0.284244069354927	4.67850863125592
0.212404457411905	0.866025024179707	6.59026900613365	0.363585042027633
0.480230199089072	0.603092438651521	0.707320022150972	0.584191236481966
0.33857109247639	0.280712431406826	1.20745790786084	2.4136846366723
0.58720729356288	-0.498884072759743	0.135191946741779	3.81801934216585
0.254395754832606	1.39021514202687	0.940585768883936	3.33329576176525
0.665853670610842	-0.223205016005916	1.13604638034322	3.79235146073299
0.210694567723683	1.51326023959668	0.0993767717146338	1.72681957274672
0.871066558193722	0.11969446851777	0.780619859838174	5.52389615300543
0.112307772760354	0.99816931255242	4.72583186294806	2.33085211583902
0.176221455903176	0.289819740621416	0.345185839043349	0.655944966689882
0.881872354521952	1.33289687932146	0.502137237417829	0.872634294129532
0.360268669492955	-1.86226170012309	0.447053632569478	2.32017978810663
0.422704861932394	-0.269308513547683	0.610634928356305	2.23248919469257
0.0408124548704637	1.90046982989378	0.602007599188728	0.839797182890917
0.501326044841071	1.16895232036895	0.424088550309605	2.12419425464131
0.556394734556578	0.408840355526964	0.460242893548891	0.560771031699555
0.627084215312339	0.778489436281038	9.11249240662225	0.72857730913327
0.870928416042084	-0.164775153885396	1.68805818137161	0.750633344375519
0.394606550941969	0.671112790128952	2.38460265480191	1.47869366325634
0.0552290108494768	0.769280759435085	2.11932105267204	0.616180139940143
0.991869349176481	1.32212048310798	1.3375586648665	0.295053703246651
0.62334506445766	-1.56319152486196	0.741784494584501	3.34374658528967
0.987225626555355	-0.386854667333448	2.07121535303133	0.478865034850531
0.272747668988794	-0.412078069531164	0.0860822863048721	3.44903781335714
0.182553360013774	1.38403255098119	0.845190482245541	2.17676700328343
0.579570593435085	0.801789271567956	0.320127628764381	3.72320308364663
0.795243693793059	1.10247072049853	1.04175408795363	0.858466253111385
0.920529997090367	0.0577705546347383	0.269316145492069	2.84118931270267
0.378174003746729	1.1575105756386	0.956515284702216	0.1878290654775
0.395078900075381	-0.999842885213092	0.518285917155639	2.35578767502615
0.6744840472616	-0.200325600734576	7.87901830293721	5.7679036124627
0.373823465208986	-0.323023535546491	0.548638249190676	0.354578423392328
0.956418693203288	0.194786557811957	2.12399353077581	0.948893281755269
0.755809378923754	-1.36554206630978	0.14374300463996	0.410311488633421
0.705586866463946	1.48226766797728	0.329271391914552	0.854415516923365
0.407966723049605	-2.29480539179669	0.570668105260238	0.876491902251853
0.64715906512389	-0.233842134467635	4.2330499626611	4.84186500137225
0.432974922378952	0.431046867192501	2.5454417561955	9.38291592936801
0.375558227730193	-0.470688509224409	1.80553400031432	1.04088234233421
0.272963705566672	1.76168465078818	1.84350219798131	0.431829121254295
0.71695002491621	1.59126865531511	0.229845965629858	1.27682558456345
0.664256292610329	-2.32313973880843	0.681791805547599	0.350715853702284
0.301651673224006	1.16597535652941	0.571589754197507	1.18344620573249
0.378244640375858	-0.162742087345421	2.04652589754765	1.15978783840518
0.160059399253246	-0.989767458966146	1.28498211641912	1.03471950908941
0.45020318835381	0.228903241440284	0.861606032593046	0.463435760245222
0.671001290453183	0.0645063019606587	1.26731554525424	3.18436471593603
0.884476807518177	-0.629027387817969	1.29163019230753	0.526086722656439
0.774898596045739	0.289721131350052	0.900303786579078	1.61899822793997
0.937582420974274	-2.19803992564774	0.0800324746679558	0.444201366578157
0.650301943661489	-0.360365932894032	0.186098792235288	1.26883962378155
0.874792102425047	0.389272992991875	0.750106853049869	0.274286187703351
0.553470013218444	1.48966175684108	0.374978448811069	0.539634705174488
0.173347184310905	2.40164595459668	0.481508579482621	2.3721238135327
0.786790813727872	1.61215981640638	1.58233105672978	2.30516643256142
0.421864423369279	-0.141566655178894	1.55714659034552	1.85579769654379
0.629586700589801	0.419173144698773	1.3479434732096	1.36567950858164
0.0548853486148895	-0.559403171564621	0.45140007648268	5.38521041106391
0.17792367149308	-1.71845684418577	3.03182923513649	0.539012353464284
0.3883999399906	0.526310563151318	1.66060390559305	1.68726426039271
0.937733834473126	-1.16966510499883	0.802205296556455	0.395745372899228
0.133534053503719	-0.423176617436312	0.808488970573294	2.11105553916479
0.858118335222853	-0.750695794054832	1.20180361256239	3.91189701506546
0.946061335697404	-0.400255880411936	0.509326364002115	2.68503999864261
0.511647048168815	0.23562913579562	0.47426902119476	1.16772933729736
0.693241162190912	1.83466035254807	0.636969402989523	5.38311758174183
0.825975338559553	0.409054004403662	0.495850884381227	0.425109485376499
0.673364018199938	-0.183264326198395	0.879372696433487	3.43120809328737
0.0594512499186007	-2.58506671902739	0.289957325907156	1.83535218524538
0.650316849945547	-0.317101378144747	0.420518629700761	3.64808698722627
0.0755093118261041	-0.0210413807151905	0.333452766716447	1.56768496306209
0.486817130995661	-1.91116131860704	0.814148292175807	0.324496541537666
0.789781981674707	-1.60551103465748	0.320337218080088	0.485969942559245
0.728452565576168	0.412075398887692	1.01874942723134	4.3378242159729
0.832407531214245	0.509163716839818	0.185868188378854	0.802794368356422
0.279441120919071	-0.0186876863929556	4.1710324844706	4.99738585540578
0.602123190267231	-0.0445206307342806	8.51660748675431	1.34672546092724
0.629356162853201	-1.19867279207051	0.88563953559731	3.09282710391806
0.682483700574895	-0.279577565525485	1.71943793106473	4.00639861213524
0.191186954384153	0.221971720103026	0.187275419804716	3.47693745121285
0.95498322563878	-0.328807894835742	1.21250094032226	0.488010806529634
0.913703293849146	-1.54980626317347	8.25355044926241	1.02089171357025
0.32223804406367	0.281292526859706	0.495670708832313	0.808100785648208
0.907936633645843	-1.75221385423407	0.456242847386339	1.46201690005034
0.722117719883102	1.60847803684669	0.756696955551043	1.5058784321979
0.41901053377236	0.615057946967476	5.48284320636976	1.39620706031456
0.699066614462371	-1.06275419138687	2.71786528227238	0.74980922206423
0.192141155866905	2.62217903865129	1.04440926448093	3.51852560711819
0.71592005894203	0.335732407209987	2.10674116638641	0.877462654611137
0.764351567239446	-0.69665733665621	1.08558132280943	0.339904582438268
0.769370020551818	1.01813856910054	0.947796716738934	3.41183332048474
0.0097020817104154	0.390605579136619	1.6668192421836	1.25846618309012
0.502503156062573	0.509493163942934	1.81085431954739	0.419405110135851
0.726269576108509	0.151721372234835	0.221131939658531	0.854265013429962
0.715648041027637	-1.19735393032687	1.60594193500491	4.88290488275983
0.19287969190384	0.146739049186802	0.349155473960547	1.77007839602944
0.304657313924223	0.392719100277647	0.770326584575392	0.731111889601778
0.515662291008651	-0.250047207895823	2.30166950467229	1.15033195240012
0.528309947301795	-1.9081271714695	0.974264586580664	0.680444146600084
0.0961574931505075	-0.0642629137319914	2.32871940624825	0.713537546109904
0.674417392967957	0.549326929661955	1.22770620323195	0.665997038546976
0.657585974733721	-0.745718643215061	0.367219479994972	1.41883624001278
0.162196861946365	1.04113458515896	4.24974879479345	3.36173861550212
0.350492859628002	-0.502434605735741	1.69376788673938	5.8362686070518
0.585027989804456	1.10729137724103	1.93420484053639	0.285798353190535
0.390163463151033	0.828738532715934	1.98739429611408	0.507953862606648
0.577071843226956	-0.377336801040392	2.70208608390548	10.2978435682182
0.285418860269991	1.27270975822932	1.45162487101206	5.82961944394208
0.584187263928315	-0.010032839373232	7.46774528744949	3.33212527640864
0.246162816846669	0.832363466588958	0.121802498483688	3.76142057182386
0.0874745847821886	-0.80322286456408	1.38449930501816	0.351627289560282
0.805324045686305	-0.456759040382529	0.336944347866645	4.54772104363299
0.0633540700120367	-0.527739843617001	0.578225751953407	3.59218360767598
0.67025517996945	-0.596352211438902	1.56122233121694	5.51020757831164
0.855042350328807	0.42724254694624	3.5534553346888	0.722708574001867
0.0126600689609097	-1.14534021357404	1.18605112221878	1.49454353050986
0.205749849085108	0.237218983202961	0.448224598072114	1.88766975137371
0.0819381563760076	-0.565103206416349	1.06471247421956	0.328333657028951
0.61352762680028	2.04359612014786	3.46096831252627	0.544334682104223
0.503422063677979	-0.534732055854748	2.94165219417537	2.37243523328074
0.828469358114477	0.165672358433934	0.791395030046488	3.04114180213124
0.744427146053085	0.851625625471296	0.301152998341522	0.920359379889021
0.279412191710452	1.14612238449288	1.44937188904175	3.91809638175544
