#(C) Copyright 1992 Alex Woo
# Hans-Bernhard Broeker 1996: changed ordering, to make
#   outside/inside correctly detectable by hidden3d
# Converted from PANAIR Network File
#whale.net
#NETWORK = DORSAL                10   4  NEW
   4.32022    0.00000    0.36768
   4.38578    0.00000    0.39855
   4.45157    0.00000    0.43078
   4.51276    0.00000    0.47023
   4.57293    0.00000    0.51716
   4.63204    0.00000    0.56553
   4.69551    0.00000    0.60832
   4.78457    0.00000    0.61867
   4.86637    0.00000    0.59655
   4.95352    0.00000    0.59879

   4.32022    0.00000    0.36768
   4.38618    0.00548    0.39731
   4.45239    0.01043    0.42827
   4.51439    0.01442    0.46603
   4.57541    0.01661    0.51094
   4.63550    0.01634    0.55759
   4.69929    0.01389    0.59942
   4.78699    0.00986    0.61163
   4.86783    0.00512    0.59387
   4.95352    0.00000    0.59879

   4.32022    0.00000    0.36768
   4.38785    0.01321    0.39207
   4.45587    0.02515    0.41767
   4.52124    0.03479    0.44835
   4.58581    0.04007    0.48474
   4.65004    0.03940    0.52419
   4.71522    0.03349    0.56199
   4.79720    0.02378    0.58200
   4.87394    0.01235    0.58257
   4.95352    0.00000    0.59879

   4.32022    0.00000    0.36768
   4.39136    0.02147    0.38377
   4.46261    0.04298    0.39989
   4.53378    0.06447    0.41599
   4.60459    0.06493    0.44012
   4.67604    0.06540    0.46447
   4.74649    0.06587    0.48847
   4.81657    0.04357    0.52581
   4.88446    0.02197    0.56199
   4.95352    0.00000    0.59879


   4.32022    0.00000    0.36768
   4.39136   -0.02147    0.38377
   4.46261   -0.04298    0.39989
   4.53378   -0.06447    0.41599
   4.60459   -0.06493    0.44012
   4.67604   -0.06540    0.46447
   4.74649   -0.06587    0.48847
   4.81657   -0.04357    0.52581
   4.88446   -0.02197    0.56199
   4.95352    0.00000    0.59879

   4.32022    0.00000    0.36768
   4.38785   -0.01321    0.39207
   4.45587   -0.02515    0.41767
   4.52124   -0.03479    0.44835
   4.58581   -0.04007    0.48474
   4.65004   -0.03940    0.52419
   4.71522   -0.03349    0.56199
   4.79720   -0.02378    0.58200
   4.87394   -0.01235    0.58257
   4.95352    0.00000    0.59879

   4.32022    0.00000    0.36768
   4.38618   -0.00548    0.39731
   4.45239   -0.01043    0.42827
   4.51439   -0.01442    0.46603
   4.57541   -0.01661    0.51094
   4.63550   -0.01634    0.55759
   4.69929   -0.01389    0.59942
   4.78699   -0.00986    0.61163
   4.86783   -0.00512    0.59387
   4.95352    0.00000    0.59879

   4.32022    0.00000    0.36768
   4.38578    0.00000    0.39855
   4.45157    0.00000    0.43078
   4.51276    0.00000    0.47023
   4.57293    0.00000    0.51716
   4.63204    0.00000    0.56553
   4.69551    0.00000    0.60832
   4.78457    0.00000    0.61867
   4.86637    0.00000    0.59655
   4.95352    0.00000    0.59879


#NETWORK = BODY-TOP-1            40   8  NEW
   0.00000    0.00000    0.00000
   0.06328    0.00000    0.06906
   0.24609    0.00000    0.15852
   0.49474    0.00000    0.24315
   0.73666    0.00000    0.31296
   0.97679    0.00000    0.35708
   1.21755    0.00000    0.39318
   1.44630    0.00000    0.35902
   1.69182    0.00000    0.43159
   1.94016    0.00000    0.43015
   2.17715    0.00000    0.41867
   2.39180    0.00000    0.40496
   2.59034    0.00000    0.39461
   2.80635    0.00000    0.38659
   3.03005    0.00000    0.37933
   3.24866    0.00000    0.37187
   3.46182    0.00000    0.36354
   3.67193    0.00000    0.35368
   3.88524    0.00000    0.34465
   4.10325    0.00000    0.34470
   4.32022    0.00000    0.36768
   4.53378    0.06447    0.41599
   4.74649    0.06587    0.48847
   4.95352    0.00000    0.59879
   5.18109    0.00000    0.67195
   5.40724    0.00000    0.73775
   5.64533    0.00000    0.81438
   5.91230    0.00000    0.87165
   6.17511    0.00000    0.85053
   6.18099    0.00000    0.84930
   6.19137    0.00000    0.84708
   6.24827    0.00000    0.83367
   6.32143    0.00000    0.81387
   6.39459    0.00000    0.79176
   6.46774    0.00000    0.76775
   6.54090    0.00000    0.74217
   6.61406    0.00000    0.71524
   6.68722    0.00000    0.68716
   6.76038    0.00000    0.65811
   6.83354    0.00000    0.64531

   0.00000    0.00000    0.00000
   0.06307    0.01063    0.06452
   0.24546    0.02728    0.14894
   0.49360    0.04617    0.23080
   0.73557    0.06575    0.30109
   0.97598    0.07743    0.34814
   1.21690    0.08641    0.38618
   1.44899    0.09365    0.39105
   1.69133    0.09943    0.42614
   1.93952    0.10366    0.42438
   2.17643    0.10632    0.41227
   2.39126    0.10769    0.39811
   2.59021    0.10735    0.38736
   2.80646    0.10571    0.37829
   3.03036    0.10333    0.36979
   3.24929    0.10007    0.36164
   3.46285    0.09565    0.35359
   3.67322    0.08959    0.34545
   3.88639    0.08173    0.33929
   4.10416    0.07295    0.34134
   4.32212    0.06512    0.36195
   4.53925    0.09015    0.40188
   4.75403    0.08576    0.47075
   4.96890    0.05555    0.56317
   5.19649    0.05097    0.63561
   5.42205    0.04615    0.70327
   5.65846    0.04320    0.77923
   5.91823    0.04155    0.84450
   6.17511    0.03492    0.83397
   6.18099    0.03503    0.83269
   6.19137    0.03541    0.83044
   6.24827    0.03219    0.81897
   6.32143    0.02831    0.80134
   6.39459    0.02463    0.78186
   6.46774    0.02044    0.75899
   6.54090    0.01644    0.73463
   6.61406    0.01239    0.70920
   6.68722    0.00815    0.68286
   6.76038    0.00447    0.65800
   6.83354    0.00000    0.64531

   0.00000    0.00000    0.00000
   0.06285    0.02147    0.05980
   0.24483    0.05394    0.13920
   0.49240    0.09053    0.21779
   0.73412    0.12941    0.28512
   0.97455    0.15405    0.33236
   1.21546    0.17277    0.37069
   1.44951    0.18761    0.39731
   1.68984    0.19916    0.40959
   1.93752    0.20725    0.40630
   2.17421    0.21208    0.39250
   2.38960    0.21444    0.37687
   2.58979    0.21337    0.36484
   2.80679    0.20931    0.35385
   3.03122    0.20368    0.34330
   3.25101    0.19648    0.33386
   3.46570    0.18728    0.32577
   3.67730    0.17529    0.31942
   3.89123    0.16023    0.31677
   4.10928    0.14340    0.32250
   4.32799    0.12766    0.34420
   4.54370    0.11662    0.39041
   4.75980    0.10939    0.45720
   4.98295    0.10175    0.53060
   5.21017    0.09243    0.60329
   5.43516    0.08319    0.67277
   5.66985    0.07732    0.74872
   5.92362    0.07658    0.81985
   6.17511    0.06946    0.81665
   6.18099    0.07026    0.81531
   6.19137    0.07039    0.81294
   6.24827    0.06406    0.80357
   6.32143    0.05637    0.78825
   6.39459    0.04890    0.77110
   6.46774    0.04075    0.74992
   6.54090    0.03291    0.72714
   6.61406    0.02488    0.70335
   6.68722    0.01652    0.67901
   6.76038    0.00894    0.65789
   6.83354    0.00000    0.64531

   0.00000    0.00000    0.00000
   0.06262    0.03285    0.05495
   0.24418    0.08119    0.12921
   0.49104    0.13493    0.20291
   0.73192    0.19048    0.26091
   0.97212    0.22881    0.30559
   1.21297    0.25860    0.34388
   1.44724    0.28198    0.37027
   1.68728    0.29942    0.38120
   1.93411    0.31067    0.37540
   2.17040    0.31655    0.35868
   2.38674    0.31890    0.34044
   2.58908    0.31630    0.32652
   2.80733    0.30862    0.31331
   3.03261    0.29844    0.30050
   3.25374    0.28621    0.28970
   3.47023    0.27153    0.28168
   3.68387    0.25346    0.27749
   3.89932    0.23172    0.27908
   4.11815    0.20784    0.28991
   4.33751    0.18509    0.31543
   4.55464    0.16774    0.36219
   4.77247    0.15496    0.42743
   4.99650    0.14166    0.49921
   5.22303    0.12759    0.57294
   5.44741    0.11403    0.64425
   5.68029    0.10541    0.72076
   5.92941    0.10583    0.79338
   6.17511    0.10310    0.79764
   6.18099    0.10340    0.79627
   6.19137    0.10454    0.79386
   6.24827    0.09529    0.78694
   6.32143    0.08398    0.77425
   6.39459    0.07266    0.75927
   6.46774    0.06088    0.74046
   6.54090    0.04940    0.71971
   6.61406    0.03749    0.69778
   6.68722    0.02514    0.67575
   6.76038    0.01342    0.65778
   6.83354    0.00000    0.64531

   0.00000    0.00000    0.00000
   0.06237    0.04176    0.04951
   0.24342    0.10685    0.11742
   0.48938    0.18105    0.18491
   0.72947    0.25360    0.23406
   0.96917    0.30481    0.27310
   1.20960    0.34523    0.30770
   1.44393    0.37660    0.33082
   1.68342    0.39907    0.33832
   1.92899    0.41231    0.32907
   2.16484    0.41802    0.30924
   2.38264    0.41917    0.28813
   2.58807    0.41386    0.27199
   2.80808    0.40112    0.25678
   3.03450    0.38499    0.24228
   3.25739    0.36660    0.23081
   3.47619    0.34570    0.22361
   3.69252    0.32139    0.22235
   3.91006    0.29351    0.22900
   4.13007    0.26372    0.24603
   4.35013    0.23540    0.27727
   4.56803    0.21302    0.32763
   4.78639    0.19554    0.39470
   5.01023    0.17682    0.46741
   5.23577    0.15802    0.54285
   5.45949    0.14007    0.61616
   5.69029    0.12919    0.69395
   5.93518    0.13113    0.76698
   6.17511    0.13454    0.77516
   6.18099    0.13555    0.77358
   6.19137    0.13614    0.77079
   6.24827    0.12476    0.76734
   6.32143    0.11045    0.75819
   6.39459    0.09574    0.74614
   6.46774    0.08077    0.73050
   6.54090    0.06592    0.71236
   6.61406    0.05026    0.69259
   6.68722    0.03401    0.67322
   6.76038    0.01789    0.65768
   6.83354    0.00000    0.64531

   0.00000    0.00000    0.00000
   0.06223    0.06184    0.04647
   0.24264    0.14253    0.10546
   0.48724    0.22879    0.16163
   0.72640    0.31767    0.20040
   0.96539    0.38306    0.23145
   1.20509    0.43260    0.25918
   1.43935    0.46995    0.27638
   1.67805    0.49546    0.27875
   1.92196    0.50912    0.26551
   2.15737    0.51351    0.24276
   2.37721    0.51233    0.21900
   2.58675    0.50300    0.20092
   2.80903    0.48386    0.18473
   3.03684    0.46070    0.16992
   3.26182    0.43538    0.15917
   3.48332    0.40787    0.15414
   3.70275    0.37745    0.15710
   3.92273    0.34415    0.16996
   4.14418    0.30968    0.19414
   4.36520    0.27727    0.23173
   4.58427    0.25110    0.28574
   4.80293    0.23014    0.35582
   5.02433    0.20874    0.43475
   5.24865    0.18509    0.51245
   5.47126    0.16341    0.58876
   5.70033    0.14929    0.66707
   5.94129    0.15216    0.73904
   6.17511    0.16302    0.74910
   6.18099    0.16460    0.74769
   6.19137    0.16570    0.74519
   6.24827    0.15243    0.74523
   6.32143    0.13555    0.74003
   6.39459    0.11799    0.73166
   6.46774    0.10037    0.71997
   6.54090    0.08249    0.70511
   6.61406    0.06325    0.68796
   6.68722    0.04303    0.67139
   6.76038    0.02236    0.65757
   6.83354    0.00000    0.64531

   0.00000    0.00000    0.00000
   0.06169    0.07473    0.03493
   0.24146    0.17219    0.08731
   0.48436    0.28240    0.13030
   0.71976    0.40442    0.12744
   0.95718    0.48293    0.14089
   1.19716    0.52959    0.17397
   1.43282    0.56105    0.19874
   1.67133    0.58176    0.20409
   1.91344    0.59328    0.18835
   2.14809    0.59726    0.16030
   2.37035    0.59485    0.13150
   2.58512    0.58024    0.11285
   2.81018    0.55343    0.09852
   3.03958    0.52289    0.08569
   3.26687    0.49066    0.07750
   3.49134    0.45684    0.07611
   3.71416    0.42086    0.08433
   3.93689    0.38301    0.10400
   4.16006    0.34501    0.13572
   4.38211    0.30996    0.18062
   4.60173    0.28184    0.24069
   4.82009    0.25889    0.31549
   5.04025    0.23378    0.39786
   5.26310    0.20482    0.47833
   5.48430    0.18026    0.55840
   5.71054    0.16641    0.63972
   5.94752    0.17055    0.71050
   6.17511    0.18993    0.72135
   6.18099    0.19106    0.71975
   6.19137    0.19276    0.71694
   6.24827    0.17801    0.72084
   6.32143    0.15910    0.71997
   6.39459    0.13957    0.71617
   6.46774    0.11970    0.70896
   6.54090    0.09911    0.69796
   6.61406    0.07645    0.68398
   6.68722    0.05216    0.67008
   6.76038    0.02683    0.65746
   6.83354    0.00000    0.64531

   0.00000    0.00000    0.00000
   0.06122    0.09261    0.02470
   0.23984    0.21019    0.06234
   0.48129    0.33575    0.09689
   0.71772    0.45629    0.10508
   0.95408    0.53834    0.10666
   1.19143    0.59429    0.11238
   1.42559    0.63328    0.11273
   1.66221    0.65702    0.10286
   1.90174    0.66696    0.08251
   2.13640    0.66668    0.05639
   2.36240    0.65922    0.03023
   2.58325    0.63968    0.01182
   2.81149    0.60674   -0.00042
   3.04266    0.56980   -0.00936
   3.27245    0.53141   -0.01267
   3.50000    0.49203   -0.00825
   3.72630    0.45145    0.00686
   3.95187    0.41023    0.03418
   4.17693    0.36992    0.07369
   4.40026    0.33325    0.12576
   4.62072    0.30372    0.19167
   4.83895    0.27894    0.27116
   5.05762    0.25037    0.35760
   5.27843    0.21690    0.44214
   5.49788    0.19144    0.52680
   5.72117    0.18044    0.61124
   5.95400    0.18717    0.68085
   6.17511    0.21507    0.69199
   6.18099    0.21673    0.69048
   6.19137    0.21890    0.68781
   6.24827    0.20273    0.69550
   6.32143    0.18189    0.69901
   6.39459    0.16060    0.69995
   6.46774    0.13881    0.69758
   6.54090    0.11575    0.69088
   6.61406    0.08982    0.68058
   6.68722    0.06133    0.66915
   6.76038    0.03130    0.65735
   6.83354    0.00000    0.64531


   0.00000    0.00000    0.00000
   0.06122   -0.09261    0.02470
   0.23984   -0.21019    0.06234
   0.48129   -0.33575    0.09689
   0.71772   -0.45629    0.10508
   0.95408   -0.53834    0.10666
   1.19143   -0.59429    0.11238
   1.42559   -0.63328    0.11273
   1.66221   -0.65702    0.10286
   1.90174   -0.66696    0.08251
   2.13640   -0.66668    0.05639
   2.36240   -0.65922    0.03023
   2.58325   -0.63968    0.01182
   2.81149   -0.60674   -0.00042
   3.04266   -0.56980   -0.00936
   3.27245   -0.53141   -0.01267
   3.50000   -0.49203   -0.00825
   3.72630   -0.45145    0.00686
   3.95187   -0.41023    0.03418
   4.17693   -0.36992    0.07369
   4.40026   -0.33325    0.12576
   4.62072   -0.30372    0.19167
   4.83895   -0.27894    0.27116
   5.05762   -0.25037    0.35760
   5.27843   -0.21690    0.44214
   5.49788   -0.19144    0.52680
   5.72117   -0.18044    0.61124
   5.95400   -0.18717    0.68085
   6.17511   -0.21507    0.69199
   6.18099   -0.21673    0.69048
   6.19137   -0.21890    0.68781
   6.24827   -0.20273    0.69550
   6.32143   -0.18189    0.69901
   6.39459   -0.16060    0.69995
   6.46774   -0.13881    0.69758
   6.54090   -0.11575    0.69088
   6.61406   -0.08982    0.68058
   6.68722   -0.06133    0.66915
   6.76038   -0.03130    0.65735
   6.83354    0.00000    0.64531

   0.00000    0.00000    0.00000
   0.06169   -0.07473    0.03493
   0.24146   -0.17219    0.08731
   0.48436   -0.28240    0.13030
   0.71976   -0.40442    0.12744
   0.95718   -0.48293    0.14089
   1.19716   -0.52959    0.17397
   1.43282   -0.56105    0.19874
   1.67133   -0.58176    0.20409
   1.91344   -0.59328    0.18835
   2.14809   -0.59726    0.16030
   2.37035   -0.59485    0.13150
   2.58512   -0.58024    0.11285
   2.81018   -0.55343    0.09852
   3.03958   -0.52289    0.08569
   3.26687   -0.49066    0.07750
   3.49134   -0.45684    0.07611
   3.71416   -0.42086    0.08433
   3.93689   -0.38301    0.10400
   4.16006   -0.34501    0.13572
   4.38211   -0.30996    0.18062
   4.60173   -0.28184    0.24069
   4.82009   -0.25889    0.31549
   5.04025   -0.23378    0.39786
   5.26310   -0.20482    0.47833
   5.48430   -0.18026    0.55840
   5.71054   -0.16641    0.63972
   5.94752   -0.17055    0.71050
   6.17511   -0.18993    0.72135
   6.18099   -0.19106    0.71975
   6.19137   -0.19276    0.71694
   6.24827   -0.17801    0.72084
   6.32143   -0.15910    0.71997
   6.39459   -0.13957    0.71617
   6.46774   -0.11970    0.70896
   6.54090   -0.09911    0.69796
   6.61406   -0.07645    0.68398
   6.68722   -0.05216    0.67008
   6.76038   -0.02683    0.65746
   6.83354    0.00000    0.64531

   0.00000    0.00000    0.00000
   0.06223   -0.06184    0.04647
   0.24264   -0.14253    0.10546
   0.48724   -0.22879    0.16163
   0.72640   -0.31767    0.20040
   0.96539   -0.38306    0.23145
   1.20509   -0.43260    0.25918
   1.43935   -0.46995    0.27638
   1.67805   -0.49546    0.27875
   1.92196   -0.50912    0.26551
   2.15737   -0.51351    0.24276
   2.37721   -0.51233    0.21900
   2.58675   -0.50300    0.20092
   2.80903   -0.48386    0.18473
   3.03684   -0.46070    0.16992
   3.26182   -0.43538    0.15917
   3.48332   -0.40787    0.15414
   3.70275   -0.37745    0.15710
   3.92273   -0.34415    0.16996
   4.14418   -0.30968    0.19414
   4.36520   -0.27727    0.23173
   4.58427   -0.25110    0.28574
   4.80293   -0.23014    0.35582
   5.02433   -0.20874    0.43475
   5.24865   -0.18509    0.51245
   5.47126   -0.16341    0.58876
   5.70033   -0.14929    0.66707
   5.94129   -0.15216    0.73904
   6.17511   -0.16302    0.74910
   6.18099   -0.16460    0.74769
   6.19137   -0.16570    0.74519
   6.24827   -0.15243    0.74523
   6.32143   -0.13555    0.74003
   6.39459   -0.11799    0.73166
   6.46774   -0.10037    0.71997
   6.54090   -0.08249    0.70511
   6.61406   -0.06325    0.68796
   6.68722   -0.04303    0.67139
   6.76038   -0.02236    0.65757
   6.83354    0.00000    0.64531

   0.00000    0.00000    0.00000
   0.06237   -0.04176    0.04951
   0.24342   -0.10685    0.11742
   0.48938   -0.18105    0.18491
   0.72947   -0.25360    0.23406
   0.96917   -0.30481    0.27310
   1.20960   -0.34523    0.30770
   1.44393   -0.37660    0.33082
   1.68342   -0.39907    0.33832
   1.92899   -0.41231    0.32907
   2.16484   -0.41802    0.30924
   2.38264   -0.41917    0.28813
   2.58807   -0.41386    0.27199
   2.80808   -0.40112    0.25678
   3.03450   -0.38499    0.24228
   3.25739   -0.36660    0.23081
   3.47619   -0.34570    0.22361
   3.69252   -0.32139    0.22235
   3.91006   -0.29351    0.22900
   4.13007   -0.26372    0.24603
   4.35013   -0.23540    0.27727
   4.56803   -0.21302    0.32763
   4.78639   -0.19554    0.39470
   5.01023   -0.17682    0.46741
   5.23577   -0.15802    0.54285
   5.45949   -0.14007    0.61616
   5.69029   -0.12919    0.69395
   5.93518   -0.13113    0.76698
   6.17511   -0.13454    0.77516
   6.18099   -0.13555    0.77358
   6.19137   -0.13614    0.77079
   6.24827   -0.12476    0.76734
   6.32143   -0.11045    0.75819
   6.39459   -0.09574    0.74614
   6.46774   -0.08077    0.73050
   6.54090   -0.06592    0.71236
   6.61406   -0.05026    0.69259
   6.68722   -0.03401    0.67322
   6.76038   -0.01789    0.65768
   6.83354    0.00000    0.64531

   0.00000    0.00000    0.00000
   0.06262   -0.03285    0.05495
   0.24418   -0.08119    0.12921
   0.49104   -0.13493    0.20291
   0.73192   -0.19048    0.26091
   0.97212   -0.22881    0.30559
   1.21297   -0.25860    0.34388
   1.44724   -0.28198    0.37027
   1.68728   -0.29942    0.38120
   1.93411   -0.31067    0.37540
   2.17040   -0.31655    0.35868
   2.38674   -0.31890    0.34044
   2.58908   -0.31630    0.32652
   2.80733   -0.30862    0.31331
   3.03261   -0.29844    0.30050
   3.25374   -0.28621    0.28970
   3.47023   -0.27153    0.28168
   3.68387   -0.25346    0.27749
   3.89932   -0.23172    0.27908
   4.11815   -0.20784    0.28991
   4.33751   -0.18509    0.31543
   4.55464   -0.16774    0.36219
   4.77247   -0.15496    0.42743
   4.99650   -0.14166    0.49921
   5.22303   -0.12759    0.57294
   5.44741   -0.11403    0.64425
   5.68029   -0.10541    0.72076
   5.92941   -0.10583    0.79338
   6.17511   -0.10310    0.79764
   6.18099   -0.10340    0.79627
   6.19137   -0.10454    0.79386
   6.24827   -0.09529    0.78694
   6.32143   -0.08398    0.77425
   6.39459   -0.07266    0.75927
   6.46774   -0.06088    0.74046
   6.54090   -0.04940    0.71971
   6.61406   -0.03749    0.69778
   6.68722   -0.02514    0.67575
   6.76038   -0.01342    0.65778
   6.83354    0.00000    0.64531

   0.00000    0.00000    0.00000
   0.06285   -0.02147    0.05980
   0.24483   -0.05394    0.13920
   0.49240   -0.09053    0.21779
   0.73412   -0.12941    0.28512
   0.97455   -0.15405    0.33236
   1.21546   -0.17277    0.37069
   1.44951   -0.18761    0.39731
   1.68984   -0.19916    0.40959
   1.93752   -0.20725    0.40630
   2.17421   -0.21208    0.39250
   2.38960   -0.21444    0.37687
   2.58979   -0.21337    0.36484
   2.80679   -0.20931    0.35385
   3.03122   -0.20368    0.34330
   3.25101   -0.19648    0.33386
   3.46570   -0.18728    0.32577
   3.67730   -0.17529    0.31942
   3.89123   -0.16023    0.31677
   4.10928   -0.14340    0.32250
   4.32799   -0.12766    0.34420
   4.54370   -0.11662    0.39041
   4.75980   -0.10939    0.45720
   4.98295   -0.10175    0.53060
   5.21017   -0.09243    0.60329
   5.43516   -0.08319    0.67277
   5.66985   -0.07732    0.74872
   5.92362   -0.07658    0.81985
   6.17511   -0.06946    0.81665
   6.18099   -0.07026    0.81531
   6.19137   -0.07039    0.81294
   6.24827   -0.06406    0.80357
   6.32143   -0.05637    0.78825
   6.39459   -0.04890    0.77110
   6.46774   -0.04075    0.74992
   6.54090   -0.03291    0.72714
   6.61406   -0.02488    0.70335
   6.68722   -0.01652    0.67901
   6.76038   -0.00894    0.65789
   6.83354    0.00000    0.64531

   0.00000    0.00000    0.00000
   0.06307   -0.01063    0.06452
   0.24546   -0.02728    0.14894
   0.49360   -0.04617    0.23080
   0.73557   -0.06575    0.30109
   0.97598   -0.07743    0.34814
   1.21690   -0.08641    0.38618
   1.44899   -0.09365    0.39105
   1.69133   -0.09943    0.42614
   1.93952   -0.10366    0.42438
   2.17643   -0.10632    0.41227
   2.39126   -0.10769    0.39811
   2.59021   -0.10735    0.38736
   2.80646   -0.10571    0.37829
   3.03036   -0.10333    0.36979
   3.24929   -0.10007    0.36164
   3.46285   -0.09565    0.35359
   3.67322   -0.08959    0.34545
   3.88639   -0.08173    0.33929
   4.10416   -0.07295    0.34134
   4.32212   -0.06512    0.36195
   4.53925   -0.09015    0.40188
   4.75403   -0.08576    0.47075
   4.96890   -0.05555    0.56317
   5.19649   -0.05097    0.63561
   5.42205   -0.04615    0.70327
   5.65846   -0.04320    0.77923
   5.91823   -0.04155    0.84450
   6.17511   -0.03492    0.83397
   6.18099   -0.03503    0.83269
   6.19137   -0.03541    0.83044
   6.24827   -0.03219    0.81897
   6.32143   -0.02831    0.80134
   6.39459   -0.02463    0.78186
   6.46774   -0.02044    0.75899
   6.54090   -0.01644    0.73463
   6.61406   -0.01239    0.70920
   6.68722   -0.00815    0.68286
   6.76038   -0.00447    0.65800
   6.83354    0.00000    0.64531

   0.00000    0.00000    0.00000
   0.06328    0.00000    0.06906
   0.24609    0.00000    0.15852
   0.49474    0.00000    0.24315
   0.73666    0.00000    0.31296
   0.97679    0.00000    0.35708
   1.21755    0.00000    0.39318
   1.44630    0.00000    0.35902
   1.69182    0.00000    0.43159
   1.94016    0.00000    0.43015
   2.17715    0.00000    0.41867
   2.39180    0.00000    0.40496
   2.59034    0.00000    0.39461
   2.80635    0.00000    0.38659
   3.03005    0.00000    0.37933
   3.24866    0.00000    0.37187
   3.46182    0.00000    0.36354
   3.67193    0.00000    0.35368
   3.88524    0.00000    0.34465
   4.10325    0.00000    0.34470
   4.32022    0.00000    0.36768
   4.53378   -0.06447    0.41599
   4.74649   -0.06587    0.48847
   4.95352    0.00000    0.59879
   5.18109    0.00000    0.67195
   5.40724    0.00000    0.73775
   5.64533    0.00000    0.81438
   5.91230    0.00000    0.87165
   6.17511    0.00000    0.85053
   6.18099    0.00000    0.84930
   6.19137    0.00000    0.84708
   6.24827    0.00000    0.83367
   6.32143    0.00000    0.81387
   6.39459    0.00000    0.79176
   6.46774    0.00000    0.76775
   6.54090    0.00000    0.74217
   6.61406    0.00000    0.71524
   6.68722    0.00000    0.68716
   6.76038    0.00000    0.65811
   6.83354    0.00000    0.64531


#NETWORK = BODY-TOP-2            49   2  NEW
   0.00000    0.00000    0.00000
   0.06122    0.09261    0.02470
   0.23984    0.21019    0.06234
   0.48129    0.33575    0.09689
   0.71772    0.45629    0.10508
   0.95408    0.53834    0.10666
   1.19143    0.59429    0.11238
   1.42559    0.63328    0.11273
   1.66221    0.65702    0.10286
   1.90174    0.66696    0.08251
   2.13640    0.66668    0.05639
   2.14733    0.66632    0.05513
   2.15900    0.66594    0.05378
   2.18161    0.66519    0.05116
   2.22680    0.66370    0.04593
   2.29460    0.66146    0.03808
   2.36240    0.65922    0.03023
   2.47283    0.64945    0.02103
   2.58325    0.63968    0.01182
   2.65933    0.62870    0.00774
   2.73541    0.61772    0.00366
   2.78678    0.61031    0.00090
   2.81149    0.60674   -0.00042
   3.04266    0.56980   -0.00936
   3.27245    0.53141   -0.01267
   3.50000    0.49203   -0.00825
   3.72630    0.45145    0.00686
   3.95187    0.41023    0.03418
   4.17693    0.36992    0.07369
   4.40026    0.33325    0.12576
   4.62072    0.30372    0.19167
   4.83895    0.27894    0.27116
   5.05762    0.25037    0.35760
   5.27843    0.21690    0.44214
   5.49788    0.19144    0.52680
   5.72117    0.18044    0.61124
   5.95400    0.18717    0.68085
   6.17511    0.21507    0.69199
   6.18099    0.21673    0.69048
   6.19137    0.21890    0.68781
   6.24827    0.20273    0.69550
   6.32143    0.18189    0.69901
   6.39459    0.16060    0.69995
   6.46774    0.13881    0.69758
   6.54090    0.11575    0.69088
   6.61406    0.08982    0.68058
   6.68722    0.06133    0.66915
   6.76038    0.03130    0.65735
   6.83354    0.00000    0.64531

   0.00000    0.00000    0.00000
   0.06064    0.11052    0.01240
   0.23769    0.25006    0.02934
   0.47608    0.39606    0.04015
   0.71095    0.52366    0.03070
   0.94609    0.60357    0.01864
   1.18214    0.65376    0.01255
   1.41643    0.68667    0.00385
   1.65189    0.70546   -0.01171
   1.88885    0.71255   -0.03416
   2.12005    0.71745   -0.08906
   2.24615    0.71820   -0.13168
   2.24387    0.71497   -0.10853
   2.24763    0.71048   -0.08568
   2.27537    0.69807   -0.04680
   2.31275    0.68550   -0.01921
   2.37698    0.67457   -0.00777
   2.46527    0.67321   -0.03080
   2.55370    0.67196   -0.06271
   2.62820    0.66760   -0.08700
   2.69273    0.66480   -0.11317
   2.74057    0.66409   -0.13415
   2.81293    0.64025   -0.10832
   3.04596    0.59864   -0.11108
   3.27833    0.55601   -0.10779
   3.50904    0.51298   -0.09635
   3.73894    0.46960   -0.07374
   3.96749    0.42655   -0.03862
   4.19459    0.38504    0.00870
   4.41920    0.34715    0.06852
   4.63998    0.31560    0.14200
   4.85734    0.28791    0.22794
   5.07585    0.25589    0.31536
   5.29412    0.21964    0.40511
   5.51177    0.19560    0.49447
   5.73231    0.19184    0.58140
   5.96092    0.20269    0.64922
   6.17511    0.23981    0.66228
   6.18099    0.24744    0.65336
   6.19137    0.24422    0.65798
   6.24827    0.22672    0.66947
   6.32143    0.20416    0.67735
   6.39459    0.18123    0.68322
   6.46774    0.15776    0.68593
   6.54090    0.13242    0.68386
   6.61406    0.10330    0.67768
   6.68722    0.07052    0.66848
   6.76038    0.03577    0.65725
   6.83354    0.00000    0.64531


   0.00000    0.00000    0.00000
   0.06064   -0.11052    0.01240
   0.23769   -0.25006    0.02934
   0.47608   -0.39606    0.04015
   0.71095   -0.52366    0.03070
   0.94609   -0.60357    0.01864
   1.18214   -0.65376    0.01255
   1.41643   -0.68667    0.00385
   1.65189   -0.70546   -0.01171
   1.88885   -0.71255   -0.03416
   2.12005   -0.71745   -0.08906
   2.24615   -0.71820   -0.13168
   2.24387   -0.71497   -0.10853
   2.24763   -0.71048   -0.08568
   2.27537   -0.69807   -0.04680
   2.31275   -0.68550   -0.01921
   2.37698   -0.67457   -0.00777
   2.46527   -0.67321   -0.03080
   2.55370   -0.67196   -0.06271
   2.62820   -0.66760   -0.08700
   2.69273   -0.66480   -0.11317
   2.74057   -0.66409   -0.13415
   2.81293   -0.64025   -0.10832
   3.04596   -0.59864   -0.11108
   3.27833   -0.55601   -0.10779
   3.50904   -0.51298   -0.09635
   3.73894   -0.46960   -0.07374
   3.96749   -0.42655   -0.03862
   4.19459   -0.38504    0.00870
   4.41920   -0.34715    0.06852
   4.63998   -0.31560    0.14200
   4.85734   -0.28791    0.22794
   5.07585   -0.25589    0.31536
   5.29412   -0.21964    0.40511
   5.51177   -0.19560    0.49447
   5.73231   -0.19184    0.58140
   5.96092   -0.20269    0.64922
   6.17511   -0.23981    0.66228
   6.18099   -0.24744    0.65336
   6.19137   -0.24422    0.65798
   6.24827   -0.22672    0.66947
   6.32143   -0.20416    0.67735
   6.39459   -0.18123    0.68322
   6.46774   -0.15776    0.68593
   6.54090   -0.13242    0.68386
   6.61406   -0.10330    0.67768
   6.68722   -0.07052    0.66848
   6.76038   -0.03577    0.65725
   6.83354    0.00000    0.64531

   0.00000    0.00000    0.00000
   0.06122   -0.09261    0.02470
   0.23984   -0.21019    0.06234
   0.48129   -0.33575    0.09689
   0.71772   -0.45629    0.10508
   0.95408   -0.53834    0.10666
   1.19143   -0.59429    0.11238
   1.42559   -0.63328    0.11273
   1.66221   -0.65702    0.10286
   1.90174   -0.66696    0.08251
   2.13640   -0.66668    0.05639
   2.14733   -0.66632    0.05513
   2.15900   -0.66594    0.05378
   2.18161   -0.66519    0.05116
   2.22680   -0.66370    0.04593
   2.29460   -0.66146    0.03808
   2.36240   -0.65922    0.03023
   2.47283   -0.64945    0.02103
   2.58325   -0.63968    0.01182
   2.65933   -0.62870    0.00774
   2.73541   -0.61772    0.00366
   2.78678   -0.61031    0.00090
   2.81149   -0.60674   -0.00042
   3.04266   -0.56980   -0.00936
   3.27245   -0.53141   -0.01267
   3.50000   -0.49203   -0.00825
   3.72630   -0.45145    0.00686
   3.95187   -0.41023    0.03418
   4.17693   -0.36992    0.07369
   4.40026   -0.33325    0.12576
   4.62072   -0.30372    0.19167
   4.83895   -0.27894    0.27116
   5.05762   -0.25037    0.35760
   5.27843   -0.21690    0.44214
   5.49788   -0.19144    0.52680
   5.72117   -0.18044    0.61124
   5.95400   -0.18717    0.68085
   6.17511   -0.21507    0.69199
   6.18099   -0.21673    0.69048
   6.19137   -0.21890    0.68781
   6.24827   -0.20273    0.69550
   6.32143   -0.18189    0.69901
   6.39459   -0.16060    0.69995
   6.46774   -0.13881    0.69758
   6.54090   -0.11575    0.69088
   6.61406   -0.08982    0.68058
   6.68722   -0.06133    0.66915
   6.76038   -0.03130    0.65735
   6.83354    0.00000    0.64531


#NETWORK = BODY-BOT-1            51   2  NEW
   0.00000    0.00000    0.00000
   0.06064    0.11052    0.01240
   0.23769    0.25006    0.02934
   0.47608    0.39606    0.04015
   0.71095    0.52366    0.03070
   0.94609    0.60357    0.01864
   1.18214    0.65376    0.01255
   1.41643    0.68667    0.00385
   1.65189    0.70546   -0.01171
   1.88885    0.71255   -0.03416
   2.12005    0.71745   -0.08906
   2.24615    0.71820   -0.13168
   2.25215    0.72039   -0.15308
   2.26291    0.72131   -0.17195
   2.30310    0.71949   -0.20042
   2.36037    0.71527   -0.21534
   2.43162    0.70907   -0.21628
   2.50850    0.70087   -0.20655
   2.58262    0.69079   -0.19056
   2.64672    0.67976   -0.17199
   2.69790    0.67122   -0.15393
   2.74057    0.66409   -0.13415
   2.81293    0.64025   -0.10832
   3.04596    0.59864   -0.11108
   3.27833    0.55601   -0.10779
   3.50904    0.51298   -0.09635
   3.73894    0.46960   -0.07374
   3.96749    0.42655   -0.03862
   4.19459    0.38504    0.00870
   4.41920    0.34715    0.06852
   4.63998    0.31560    0.14200
   4.85734    0.28791    0.22794
   5.07585    0.25589    0.31536
   5.29412    0.21964    0.40511
   5.51177    0.19560    0.49447
   5.73231    0.19184    0.58140
   5.96092    0.20269    0.64922
   6.17511    0.23981    0.66228
   6.18099    0.24744    0.65336
   6.19137    0.24422    0.65798
   6.24827    0.22672    0.66947
   6.32143    0.20416    0.67735
   6.39459    0.18123    0.68322
   6.46774    0.15776    0.68593
   6.54090    0.13242    0.68386
   6.61406    0.10330    0.67768
   6.68722    0.07052    0.66848
   6.76038    0.03577    0.65725
   6.83354    0.00000    0.64531
   6.92735    0.00000    0.62961
   6.96990    0.04994    0.62961

   0.00000    0.00000    0.00000
   0.05984    0.13128   -0.00482
   0.23454    0.28927   -0.01909
   0.46882    0.43932   -0.03885
   0.70275    0.54510   -0.05933
   0.93733    0.61194   -0.07793
   1.17209    0.66474   -0.09551
   1.40645    0.70290   -0.11481
   1.64060    0.72428   -0.13714
   1.87474    0.73106   -0.16178
   2.10910    0.72775   -0.18639
   2.12788    0.72654   -0.19317
   2.14740    0.72529   -0.20022
   2.18570    0.72283   -0.21406
   2.26230    0.71791   -0.24172
   2.33890    0.71298   -0.26939
   2.41857    0.70484   -0.27163
   2.49824    0.69669   -0.27388
   2.57791    0.68854   -0.27612
   2.65670    0.67636   -0.25449
   2.73550    0.66418   -0.23286
   2.78568    0.65642   -0.21908
   2.81429    0.65199   -0.21123
   3.04912    0.60868   -0.20846
   3.28407    0.56432   -0.20061
   3.51813    0.51978   -0.18488
   3.75211    0.47532   -0.15776
   3.98438    0.43174   -0.11729
   4.21392    0.38998   -0.06240
   4.43865    0.35165    0.00972
   4.66031    0.31899    0.08953
   4.87897    0.28750    0.17708
   5.09373    0.25124    0.27394
   5.30922    0.21557    0.36944
   5.52539    0.19570    0.46278
   5.74414    0.19669    0.54971
   5.97064    0.22698    0.60474
   6.17511    0.26004    0.62973
   6.18099    0.26000    0.64191
   6.19137    0.26000    0.64915
   6.24827    0.26000    0.66170
   6.32143    0.26000    0.66657
   6.39459    0.26000    0.66891
   6.46774    0.26000    0.66993
   6.54090    0.26000    0.66924
   6.61406    0.26000    0.66597
   6.68722    0.26000    0.66015
   6.76038    0.26000    0.65264
   6.83354    0.26000    0.64425
   6.90669    0.26000    0.63594
   6.98798    0.26000    0.62961


   0.00000    0.00000    0.00000
   0.05984   -0.13128   -0.00482
   0.23454   -0.28927   -0.01909
   0.46882   -0.43932   -0.03885
   0.70275   -0.54510   -0.05933
   0.93733   -0.61194   -0.07793
   1.17209   -0.66474   -0.09551
   1.40645   -0.70290   -0.11481
   1.64060   -0.72428   -0.13714
   1.87474   -0.73106   -0.16178
   2.10910   -0.72775   -0.18639
   2.12788   -0.72654   -0.19317
   2.14740   -0.72529   -0.20022
   2.18570   -0.72283   -0.21406
   2.26230   -0.71791   -0.24172
   2.33890   -0.71298   -0.26939
   2.41857   -0.70484   -0.27163
   2.49824   -0.69669   -0.27388
   2.57791   -0.68854   -0.27612
   2.65670   -0.67636   -0.25449
   2.73550   -0.66418   -0.23286
   2.78568   -0.65642   -0.21908
   2.81429   -0.65199   -0.21123
   3.04912   -0.60868   -0.20846
   3.28407   -0.56432   -0.20061
   3.51813   -0.51978   -0.18488
   3.75211   -0.47532   -0.15776
   3.98438   -0.43174   -0.11729
   4.21392   -0.38998   -0.06240
   4.43865   -0.35165    0.00972
   4.66031   -0.31899    0.08953
   4.87897   -0.28750    0.17708
   5.09373   -0.25124    0.27394
   5.30922   -0.21557    0.36944
   5.52539   -0.19570    0.46278
   5.74414   -0.19669    0.54971
   5.97064   -0.22698    0.60474
   6.17511   -0.26004    0.62973
   6.18099   -0.26000    0.64191
   6.19137   -0.26000    0.64915
   6.24827   -0.26000    0.66170
   6.32143   -0.26000    0.66657
   6.39459   -0.26000    0.66891
   6.46774   -0.26000    0.66993
   6.54090   -0.26000    0.66924
   6.61406   -0.26000    0.66597
   6.68722   -0.26000    0.66015
   6.76038   -0.26000    0.65264
   6.83354   -0.26000    0.64425
   6.90669   -0.26000    0.63594
   6.98798   -0.26000    0.62961

   0.00000    0.00000    0.00000
   0.06064   -0.11052    0.01240
   0.23769   -0.25006    0.02934
   0.47608   -0.39606    0.04015
   0.71095   -0.52366    0.03070
   0.94609   -0.60357    0.01864
   1.18214   -0.65376    0.01255
   1.41643   -0.68667    0.00385
   1.65189   -0.70546   -0.01171
   1.88885   -0.71255   -0.03416
   2.12005   -0.71745   -0.08906
   2.24615   -0.71820   -0.13168
   2.25215   -0.72039   -0.15308
   2.26291   -0.72131   -0.17195
   2.30310   -0.71949   -0.20042
   2.36037   -0.71527   -0.21534
   2.43162   -0.70907   -0.21628
   2.50850   -0.70087   -0.20655
   2.58262   -0.69079   -0.19056
   2.64672   -0.67976   -0.17199
   2.69790   -0.67122   -0.15393
   2.74057   -0.66409   -0.13415
   2.81293   -0.64025   -0.10832
   3.04596   -0.59864   -0.11108
   3.27833   -0.55601   -0.10779
   3.50904   -0.51298   -0.09635
   3.73894   -0.46960   -0.07374
   3.96749   -0.42655   -0.03862
   4.19459   -0.38504    0.00870
   4.41920   -0.34715    0.06852
   4.63998   -0.31560    0.14200
   4.85734   -0.28791    0.22794
   5.07585   -0.25589    0.31536
   5.29412   -0.21964    0.40511
   5.51177   -0.19560    0.49447
   5.73231   -0.19184    0.58140
   5.96092   -0.20269    0.64922
   6.17511   -0.23981    0.66228
   6.18099   -0.24744    0.65336
   6.19137   -0.24422    0.65798
   6.24827   -0.22672    0.66947
   6.32143   -0.20416    0.67735
   6.39459   -0.18123    0.68322
   6.46774   -0.15776    0.68593
   6.54090   -0.13242    0.68386
   6.61406   -0.10330    0.67768
   6.68722   -0.07052    0.66848
   6.76038   -0.03577    0.65725
   6.83354    0.00000    0.64531
   6.92735    0.00000    0.62961
   6.96990   -0.04994    0.62961


#NETWORK = BODY-BOT-2            42   2  NEW
   0.00000    0.00000    0.00000
   0.05984    0.13128   -0.00482
   0.23454    0.28927   -0.01909
   0.46882    0.43932   -0.03885
   0.70275    0.54510   -0.05933
   0.93733    0.61194   -0.07793
   1.17209    0.66474   -0.09551
   1.40645    0.70290   -0.11481
   1.64060    0.72428   -0.13714
   1.87474    0.73106   -0.16178
   2.10910    0.72775   -0.18639
   2.33890    0.71298   -0.26939
   2.57791    0.68854   -0.27612
   2.81429    0.65199   -0.21123
   3.04912    0.60868   -0.20846
   3.28407    0.56432   -0.20061
   3.51813    0.51978   -0.18488
   3.75211    0.47532   -0.15776
   3.98438    0.43174   -0.11729
   4.21392    0.38998   -0.06240
   4.43865    0.35165    0.00972
   4.66031    0.31899    0.08953
   4.87897    0.28750    0.17708
   5.09373    0.25124    0.27394
   5.30922    0.21557    0.36944
   5.52539    0.19570    0.46278
   5.74414    0.19669    0.54971
   5.97064    0.22698    0.60474
   6.17511    0.26004    0.62973
   6.18099    0.26000    0.61731
   6.19137    0.26000    0.61007
   6.24827    0.26000    0.59752
   6.32143    0.26000    0.59266
   6.39459    0.26000    0.59031
   6.46774    0.26000    0.58930
   6.54090    0.26000    0.58998
   6.61406    0.26000    0.59326
   6.68722    0.26000    0.59908
   6.76038    0.26000    0.60659
   6.83354    0.26000    0.61497
   6.90669    0.26000    0.62328
   6.98798    0.26000    0.62961

   0.00000    0.00000    0.00000
   0.05918    0.12167   -0.01906
   0.23201    0.28255   -0.05808
   0.46255    0.43089   -0.10707
   0.69414    0.51969   -0.15381
   0.92732    0.57765   -0.18834
   1.16111    0.63573   -0.21353
   1.39621    0.68174   -0.23662
   1.62950    0.70779   -0.26033
   1.86113    0.71617   -0.28494
   2.09525    0.71311   -0.30955
   2.33401    0.70213   -0.33169
   2.57671    0.67892   -0.34046
   2.81593    0.64095   -0.33422
   3.05282    0.59896   -0.32240
   3.29045    0.55567   -0.30378
   3.52752    0.51225   -0.27631
   3.76451    0.46917   -0.23682
   3.99887    0.42714   -0.18483
   4.23003    0.38633   -0.12164
   4.45769    0.34693   -0.04783
   4.68071    0.30936    0.03689
   4.89780    0.27337    0.13283
   5.11030    0.23709    0.23555
   5.32325    0.20399    0.33632
   5.53855    0.18905    0.43216
   5.75613    0.19438    0.51760
   5.97671    0.21655    0.57700
   6.17511    0.23920    0.59790
   6.18099    0.24745    0.60590
   6.19137    0.24422    0.60120
   6.24827    0.22671    0.58967
   6.32143    0.20408    0.58179
   6.39459    0.18119    0.57597
   6.46774    0.15776    0.57331
   6.54090    0.13244    0.57536
   6.61406    0.10329    0.58155
   6.68722    0.07054    0.59077
   6.76038    0.03578    0.60198
   6.83354    0.00000    0.61392
   6.92735    0.00000    0.62961
   6.96990    0.04994    0.62961


   0.00000    0.00000    0.00000
   0.05918   -0.12167   -0.01906
   0.23201   -0.28255   -0.05808
   0.46255   -0.43089   -0.10707
   0.69414   -0.51969   -0.15381
   0.92732   -0.57765   -0.18834
   1.16111   -0.63573   -0.21353
   1.39621   -0.68174   -0.23662
   1.62950   -0.70779   -0.26033
   1.86113   -0.71617   -0.28494
   2.09525   -0.71311   -0.30955
   2.33401   -0.70213   -0.33169
   2.57671   -0.67892   -0.34046
   2.81593   -0.64095   -0.33422
   3.05282   -0.59896   -0.32240
   3.29045   -0.55567   -0.30378
   3.52752   -0.51225   -0.27631
   3.76451   -0.46917   -0.23682
   3.99887   -0.42714   -0.18483
   4.23003   -0.38633   -0.12164
   4.45769   -0.34693   -0.04783
   4.68071   -0.30936    0.03689
   4.89780   -0.27337    0.13283
   5.11030   -0.23709    0.23555
   5.32325   -0.20399    0.33632
   5.53855   -0.18905    0.43216
   5.75613   -0.19438    0.51760
   5.97671   -0.21655    0.57700
   6.17511   -0.23920    0.59790
   6.18099   -0.24745    0.60590
   6.19137   -0.24422    0.60120
   6.24827   -0.22671    0.58967
   6.32143   -0.20408    0.58179
   6.39459   -0.18119    0.57597
   6.46774   -0.15776    0.57331
   6.54090   -0.13244    0.57536
   6.61406   -0.10329    0.58155
   6.68722   -0.07054    0.59077
   6.76038   -0.03578    0.60198
   6.83354    0.00000    0.61392
   6.92735    0.00000    0.62961
   6.96990   -0.04994    0.62961

   0.00000    0.00000    0.00000
   0.05984   -0.13128   -0.00482
   0.23454   -0.28927   -0.01909
   0.46882   -0.43932   -0.03885
   0.70275   -0.54510   -0.05933
   0.93733   -0.61194   -0.07793
   1.17209   -0.66474   -0.09551
   1.40645   -0.70290   -0.11481
   1.64060   -0.72428   -0.13714
   1.87474   -0.73106   -0.16178
   2.10910   -0.72775   -0.18639
   2.33890   -0.71298   -0.26939
   2.57791   -0.68854   -0.27612
   2.81429   -0.65199   -0.21123
   3.04912   -0.60868   -0.20846
   3.28407   -0.56432   -0.20061
   3.51813   -0.51978   -0.18488
   3.75211   -0.47532   -0.15776
   3.98438   -0.43174   -0.11729
   4.21392   -0.38998   -0.06240
   4.43865   -0.35165    0.00972
   4.66031   -0.31899    0.08953
   4.87897   -0.28750    0.17708
   5.09373   -0.25124    0.27394
   5.30922   -0.21557    0.36944
   5.52539   -0.19570    0.46278
   5.74414   -0.19669    0.54971
   5.97064   -0.22698    0.60474
   6.17511   -0.26004    0.62973
   6.18099   -0.26000    0.61731
   6.19137   -0.26000    0.61007
   6.24827   -0.26000    0.59752
   6.32143   -0.26000    0.59266
   6.39459   -0.26000    0.59031
   6.46774   -0.26000    0.58930
   6.54090   -0.26000    0.58998
   6.61406   -0.26000    0.59326
   6.68722   -0.26000    0.59908
   6.76038   -0.26000    0.60659
   6.83354   -0.26000    0.61497
   6.90669   -0.26000    0.62328
   6.98798   -0.26000    0.62961


#NETWORK = BODY-BOT-3            40   9  NEW
   0.00000    0.00000    0.00000
   0.05918    0.12167   -0.01906
   0.23201    0.28255   -0.05808
   0.46255    0.43089   -0.10707
   0.69414    0.51969   -0.15381
   0.92732    0.57765   -0.18834
   1.16111    0.63573   -0.21353
   1.39621    0.68174   -0.23662
   1.62950    0.70779   -0.26033
   1.86113    0.71617   -0.28494
   2.09525    0.71311   -0.30955
   2.33401    0.70213   -0.33169
   2.57671    0.67892   -0.34046
   2.81593    0.64095   -0.33422
   3.05282    0.59896   -0.32240
   3.29045    0.55567   -0.30378
   3.52752    0.51225   -0.27631
   3.76451    0.46917   -0.23682
   3.99887    0.42714   -0.18483
   4.23003    0.38633   -0.12164
   4.45769    0.34693   -0.04783
   4.68071    0.30936    0.03689
   4.89780    0.27337    0.13283
   5.11030    0.23709    0.23555
   5.32325    0.20399    0.33632
   5.53855    0.18905    0.43216
   5.75613    0.19438    0.51760
   5.97671    0.21655    0.57700
   6.17511    0.23920    0.59790
   6.18099    0.24745    0.60590
   6.19137    0.24422    0.60120
   6.24827    0.22671    0.58967
   6.32143    0.20408    0.58179
   6.39459    0.18119    0.57597
   6.46774    0.15776    0.57331
   6.54090    0.13244    0.57536
   6.61406    0.10329    0.58155
   6.68722    0.07054    0.59077
   6.76038    0.03578    0.60198
   6.83354    0.00000    0.61392

   0.00000    0.00000    0.00000
   0.05850    0.10685   -0.03370
   0.22937    0.25332   -0.09871
   0.45652    0.38710   -0.17258
   0.68698    0.46627   -0.23243
   0.91936    0.52145   -0.27611
   1.15190    0.58103   -0.31252
   1.38707    0.62979   -0.34532
   1.61920    0.65805   -0.37477
   1.84825    0.66860   -0.40150
   2.08212    0.66814   -0.42634
   2.32491    0.66020   -0.44777
   2.57461    0.64120   -0.45408
   2.81736    0.60780   -0.44240
   3.05612    0.57009   -0.42426
   3.29633    0.53066   -0.39882
   3.53653    0.49067   -0.36413
   3.77708    0.45057   -0.31701
   4.01442    0.41100   -0.25731
   4.24765    0.37185   -0.18644
   4.47655    0.33273   -0.10484
   4.69968    0.29337   -0.01203
   4.91532    0.25494    0.09163
   5.12534    0.21910    0.20072
   5.33620    0.19003    0.30575
   5.55092    0.17768    0.40337
   5.76779    0.18571    0.48639
   5.98418    0.20103    0.54282
   6.17511    0.21204    0.57076
   6.18099    0.21391    0.57205
   6.19137    0.21636    0.57432
   6.24827    0.20003    0.56742
   6.32143    0.17940    0.56416
   6.39459    0.15837    0.56320
   6.46774    0.13729    0.56456
   6.54090    0.11507    0.56900
   6.61406    0.09002    0.57566
   6.68722    0.06239    0.58486
   6.76038    0.03216    0.59817
   6.83354    0.00000    0.61392

   0.00000    0.00000    0.00000
   0.05796    0.08840   -0.04520
   0.22733    0.21477   -0.13012
   0.45187    0.33130   -0.22322
   0.68126    0.40215   -0.29524
   0.91282    0.45337   -0.34815
   1.14424    0.50929   -0.39490
   1.37938    0.55580   -0.43676
   1.61044    0.58369   -0.47202
   1.83717    0.59597   -0.50180
   2.07064    0.59884   -0.52838
   2.31682    0.59528   -0.55088
   2.57271    0.58177   -0.55656
   2.81868    0.55475   -0.54144
   3.05919    0.52342   -0.51892
   3.30187    0.48992   -0.48839
   3.54514    0.45517   -0.44790
   3.78918    0.41942   -0.39416
   4.02945    0.38327   -0.32729
   4.26464    0.34666   -0.24894
   4.49460    0.30908   -0.15938
   4.71754    0.27020   -0.05812
   4.93153    0.23212    0.05355
   5.13913    0.19842    0.16876
   5.34825    0.17332    0.27730
   5.56275    0.16395    0.37582
   5.77881    0.17167    0.45686
   5.99113    0.18308    0.51104
   6.17511    0.18482    0.54369
   6.18099    0.18607    0.54525
   6.19137    0.18798    0.54800
   6.24827    0.17299    0.54564
   6.32143    0.15462    0.54668
   6.39459    0.13560    0.55034
   6.46774    0.11702    0.55534
   6.54090    0.09794    0.56204
   6.61406    0.07688    0.56950
   6.68722    0.05412    0.57913
   6.76038    0.02808    0.59487
   6.83354    0.00000    0.61392

   0.00000    0.00000    0.00000
   0.05731    0.07154   -0.05922
   0.22562    0.17489   -0.15646
   0.44858    0.27117   -0.25901
   0.67697    0.33375   -0.34235
   0.90759    0.38021   -0.40584
   1.13810    0.42872   -0.46088
   1.37327    0.46909   -0.50943
   1.60346    0.49423   -0.54949
   1.82822    0.50705   -0.58276
   2.06119    0.51266   -0.61240
   2.31001    0.51319   -0.63766
   2.57107    0.50500   -0.64444
   2.81983    0.48496   -0.62806
   3.06193    0.46099   -0.60348
   3.30692    0.43452   -0.56999
   3.55310    0.40610   -0.52546
   3.80048    0.37562   -0.46625
   4.04351    0.34369   -0.39284
   4.28050    0.31058   -0.30727
   4.51135    0.27609   -0.21000
   4.73409    0.24029   -0.10081
   4.94666    0.20561    0.01798
   5.15222    0.17590    0.13842
   5.35988    0.15481    0.24983
   5.57426    0.14754    0.34904
   5.78950    0.15455    0.42822
   5.99742    0.16111    0.48223
   6.17511    0.15659    0.51767
   6.18099    0.15757    0.51940
   6.19137    0.15891    0.52245
   6.24827    0.14546    0.52446
   6.32143    0.12969    0.52940
   6.39459    0.11288    0.53739
   6.46774    0.09701    0.54560
   6.54090    0.08108    0.55446
   6.61406    0.06387    0.56309
   6.68722    0.04566    0.57366
   6.76038    0.02367    0.59201
   6.83354    0.00000    0.61392

   0.00000    0.00000    0.00000
   0.05719    0.04818   -0.06177
   0.22484    0.12990   -0.16843
   0.44638    0.21135   -0.28294
   0.67368    0.26595   -0.37849
   0.90354    0.30481   -0.45056
   1.13342    0.34377   -0.51117
   1.36865    0.37634   -0.56431
   1.59817    0.39745   -0.60826
   1.82134    0.40949   -0.64500
   2.05379    0.41638   -0.67818
   2.30457    0.41952   -0.70696
   2.56975    0.41549   -0.71590
   2.82079    0.40200   -0.70017
   3.06428    0.38524   -0.67566
   3.31133    0.36592   -0.64125
   3.56017    0.34410   -0.59437
   3.81062    0.31931   -0.53091
   4.05615    0.29227   -0.45172
   4.29470    0.26372   -0.35951
   4.52624    0.23410   -0.25502
   4.74869    0.20419   -0.13851
   4.96037    0.17584   -0.01424
   5.16539    0.15173    0.10792
   5.37190    0.13486    0.22145
   5.58575    0.12831    0.32229
   5.79983    0.13359    0.40056
   6.00317    0.13602    0.45594
   6.17511    0.12753    0.49258
   6.18099    0.12793    0.49453
   6.19137    0.12894    0.49796
   6.24827    0.11736    0.50406
   6.32143    0.10456    0.51242
   6.39459    0.09023    0.52434
   6.46774    0.07726    0.53532
   6.54090    0.06451    0.54626
   6.61406    0.05098    0.55644
   6.68722    0.03700    0.56854
   6.76038    0.01906    0.58948
   6.83354    0.00000    0.61392

   0.00000    0.00000    0.00000
   0.05699    0.03667   -0.06610
   0.22428    0.09506   -0.17709
   0.44510    0.15322   -0.29684
   0.67141    0.19685   -0.40336
   0.90049    0.22896   -0.48415
   1.12996    0.25806   -0.54834
   1.36532    0.28191   -0.60396
   1.59436    0.29792   -0.65056
   1.81634    0.30794   -0.69029
   2.04832    0.31466   -0.72690
   2.30048    0.31881   -0.75921
   2.56874    0.31742   -0.77055
   2.82154    0.30922   -0.75665
   3.06616    0.29865   -0.73372
   3.31496    0.28576   -0.69993
   3.56610    0.27025   -0.65206
   3.81913    0.25143   -0.58521
   4.06667    0.23001   -0.50074
   4.30640    0.20717   -0.40256
   4.53868    0.18391   -0.29262
   4.76193    0.16162   -0.17266
   4.97429    0.14146   -0.04696
   5.17906    0.12432    0.07624
   5.38465    0.11166    0.19135
   5.59782    0.10594    0.29420
   5.80964    0.10811    0.37429
   6.00843    0.10780    0.43190
   6.17511    0.09724    0.46901
   6.18099    0.09701    0.47113
   6.19137    0.09789    0.47487
   6.24827    0.08863    0.48456
   6.32143    0.07911    0.49593
   6.39459    0.06762    0.51119
   6.46774    0.05775    0.52461
   6.54090    0.04818    0.53759
   6.61406    0.03817    0.54962
   6.68722    0.02806    0.56392
   6.76038    0.01436    0.58713
   6.83354    0.00000    0.61392

   0.00000    0.00000    0.00000
   0.05682    0.02342   -0.06971
   0.22388    0.06128   -0.18315
   0.44434    0.09965   -0.30516
   0.66993    0.13008   -0.41968
   0.89842    0.15245   -0.50694
   1.12764    0.17170   -0.57334
   1.36309    0.18739   -0.63053
   1.59179    0.19822   -0.67907
   1.81293    0.20538   -0.72111
   2.04455    0.21057   -0.76040
   2.29764    0.21413   -0.79543
   2.56803    0.21398   -0.80874
   2.82207    0.20966   -0.79707
   3.06754    0.20385   -0.77639
   3.31768    0.19626   -0.74400
   3.57060    0.18642   -0.69589
   3.82557    0.17361   -0.62628
   4.07448    0.15850   -0.53714
   4.31497    0.14246   -0.43409
   4.54808    0.12682   -0.32102
   4.77323    0.11327   -0.20180
   4.98818    0.10207   -0.07962
   5.19417    0.09225    0.04122
   5.39899    0.08377    0.15751
   5.61091    0.07885    0.26374
   5.81972    0.07865    0.34728
   6.01360    0.07678    0.40821
   6.17511    0.06572    0.44711
   6.18099    0.06528    0.44927
   6.19137    0.06591    0.45309
   6.24827    0.05941    0.46580
   6.32143    0.05321    0.48015
   6.39459    0.04506    0.49797
   6.46774    0.03839    0.51361
   6.54090    0.03201    0.52862
   6.61406    0.02541    0.54271
   6.68722    0.01887    0.55980
   6.76038    0.00961    0.58489
   6.83354    0.00000    0.61392

   0.00000    0.00000    0.00000
   0.05666    0.01133   -0.07309
   0.22354    0.03007   -0.18837
   0.44386    0.04921   -0.31036
   0.66916    0.06453   -0.42809
   0.89738    0.07578   -0.51845
   1.12639    0.08548   -0.58670
   1.36181    0.09345   -0.64568
   1.59028    0.09901   -0.69590
   1.81090    0.10275   -0.73950
   2.04231    0.10551   -0.78032
   2.29597    0.10745   -0.81669
   2.56761    0.10759   -0.83109
   2.82240    0.10586   -0.82137
   3.06840    0.10345   -0.80280
   3.31940    0.10002   -0.77180
   3.57344    0.09523   -0.72359
   3.82952    0.08857   -0.65145
   4.07899    0.08054   -0.55817
   4.31976    0.07221   -0.45171
   4.55394    0.06473   -0.33874
   4.78257    0.05944   -0.22590
   5.00271    0.05598   -0.11377
   5.21187    0.05257    0.00023
   5.41601    0.04828    0.11732
   5.62577    0.04484    0.22915
   5.83058    0.04358    0.31820
   6.01895    0.04161    0.38376
   6.17511    0.03317    0.42678
   6.18099    0.03285    0.42881
   6.19137    0.03322    0.43240
   6.24827    0.02984    0.44760
   6.32143    0.02684    0.46519
   6.39459    0.02252    0.48471
   6.46774    0.01916    0.50240
   6.54090    0.01597    0.51945
   6.61406    0.01269    0.53573
   6.68722    0.00949    0.55613
   6.76038    0.00482    0.58274
   6.83354    0.00000    0.61392

   0.00000    0.00000    0.00000
   0.05650    0.00000   -0.07646
   0.22306    0.00000   -0.19580
   0.44300    0.00000   -0.31974
   0.66892    0.00000   -0.43078
   0.89723    0.00000   -0.52011
   1.12589    0.00000   -0.59209
   1.36142    0.00000   -0.65031
   1.58968    0.00000   -0.70251
   1.81009    0.00000   -0.74687
   2.04147    0.00000   -0.78774
   2.29542    0.00000   -0.82368
   2.56749    0.00000   -0.83806
   2.82251    0.00000   -0.82964
   3.06872    0.00000   -0.81249
   3.32005    0.00000   -0.78231
   3.57447    0.00000   -0.73359
   3.83066    0.00000   -0.65873
   4.07975    0.00000   -0.56170
   4.32027    0.00000   -0.45357
   4.55598    0.00000   -0.34491
   4.79025    0.00000   -0.24572
   5.01903    0.00000   -0.15212
   5.23394    0.00000   -0.05092
   5.43735    0.00000    0.06694
   5.64353    0.00000    0.18782
   5.84296    0.00000    0.28504
   6.02481    0.00000    0.35695
   6.17511    0.00000    0.40747
   6.18099    0.00000    0.40932
   6.19137    0.00000    0.41256
   6.24827    0.00000    0.42984
   6.32143    0.00000    0.45107
   6.39459    0.00000    0.47142
   6.46774    0.00000    0.49106
   6.54090    0.00000    0.51013
   6.61406    0.00000    0.52870
   6.68722   -0.00002    0.55283
   6.76038    0.00000    0.58064
   6.83354    0.00000    0.61392


   0.00000    0.00000    0.00000
   0.05650    0.00000   -0.07646
   0.22306    0.00000   -0.19580
   0.44300    0.00000   -0.31974
   0.66892    0.00000   -0.43078
   0.89723    0.00000   -0.52011
   1.12589    0.00000   -0.59209
   1.36142    0.00000   -0.65031
   1.58968    0.00000   -0.70251
   1.81009    0.00000   -0.74687
   2.04147    0.00000   -0.78774
   2.29542    0.00000   -0.82368
   2.56749    0.00000   -0.83806
   2.82251    0.00000   -0.82964
   3.06872    0.00000   -0.81249
   3.32005    0.00000   -0.78231
   3.57447    0.00000   -0.73359
   3.83066    0.00000   -0.65873
   4.07975    0.00000   -0.56170
   4.32027    0.00000   -0.45357
   4.55598    0.00000   -0.34491
   4.79025    0.00000   -0.24572
   5.01903    0.00000   -0.15212
   5.23394    0.00000   -0.05092
   5.43735    0.00000    0.06694
   5.64353    0.00000    0.18782
   5.84296    0.00000    0.28504
   6.02481    0.00000    0.35695
   6.17511    0.00000    0.40747
   6.18099    0.00000    0.40932
   6.19137    0.00000    0.41256
   6.24827    0.00000    0.42984
   6.32143    0.00000    0.45107
   6.39459    0.00000    0.47142
   6.46774    0.00000    0.49106
   6.54090    0.00000    0.51013
   6.61406    0.00000    0.52870
   6.68722    0.00002    0.55283
   6.76038    0.00000    0.58064
   6.83354    0.00000    0.61392

   0.00000    0.00000    0.00000
   0.05666   -0.01133   -0.07309
   0.22354   -0.03007   -0.18837
   0.44386   -0.04921   -0.31036
   0.66916   -0.06453   -0.42809
   0.89738   -0.07578   -0.51845
   1.12639   -0.08548   -0.58670
   1.36181   -0.09345   -0.64568
   1.59028   -0.09901   -0.69590
   1.81090   -0.10275   -0.73950
   2.04231   -0.10551   -0.78032
   2.29597   -0.10745   -0.81669
   2.56761   -0.10759   -0.83109
   2.82240   -0.10586   -0.82137
   3.06840   -0.10345   -0.80280
   3.31940   -0.10002   -0.77180
   3.57344   -0.09523   -0.72359
   3.82952   -0.08857   -0.65145
   4.07899   -0.08054   -0.55817
   4.31976   -0.07221   -0.45171
   4.55394   -0.06473   -0.33874
   4.78257   -0.05944   -0.22590
   5.00271   -0.05598   -0.11377
   5.21187   -0.05257    0.00023
   5.41601   -0.04828    0.11732
   5.62577   -0.04484    0.22915
   5.83058   -0.04358    0.31820
   6.01895   -0.04161    0.38376
   6.17511   -0.03317    0.42678
   6.18099   -0.03285    0.42881
   6.19137   -0.03322    0.43240
   6.24827   -0.02984    0.44760
   6.32143   -0.02684    0.46519
   6.39459   -0.02252    0.48471
   6.46774   -0.01916    0.50240
   6.54090   -0.01597    0.51945
   6.61406   -0.01269    0.53573
   6.68722   -0.00949    0.55613
   6.76038   -0.00482    0.58274
   6.83354    0.00000    0.61392

   0.00000    0.00000    0.00000
   0.05682   -0.02342   -0.06971
   0.22388   -0.06128   -0.18315
   0.44434   -0.09965   -0.30516
   0.66993   -0.13008   -0.41968
   0.89842   -0.15245   -0.50694
   1.12764   -0.17170   -0.57334
   1.36309   -0.18739   -0.63053
   1.59179   -0.19822   -0.67907
   1.81293   -0.20538   -0.72111
   2.04455   -0.21057   -0.76040
   2.29764   -0.21413   -0.79543
   2.56803   -0.21398   -0.80874
   2.82207   -0.20966   -0.79707
   3.06754   -0.20385   -0.77639
   3.31768   -0.19626   -0.74400
   3.57060   -0.18642   -0.69589
   3.82557   -0.17361   -0.62628
   4.07448   -0.15850   -0.53714
   4.31497   -0.14246   -0.43409
   4.54808   -0.12682   -0.32102
   4.77323   -0.11327   -0.20180
   4.98818   -0.10207   -0.07962
   5.19417   -0.09225    0.04122
   5.39899   -0.08377    0.15751
   5.61091   -0.07885    0.26374
   5.81972   -0.07865    0.34728
   6.01360   -0.07678    0.40821
   6.17511   -0.06572    0.44711
   6.18099   -0.06528    0.44927
   6.19137   -0.06591    0.45309
   6.24827   -0.05941    0.46580
   6.32143   -0.05321    0.48015
   6.39459   -0.04506    0.49797
   6.46774   -0.03839    0.51361
   6.54090   -0.03201    0.52862
   6.61406   -0.02541    0.54271
   6.68722   -0.01887    0.55980
   6.76038   -0.00961    0.58489
   6.83354    0.00000    0.61392

   0.00000    0.00000    0.00000
   0.05699   -0.03667   -0.06610
   0.22428   -0.09506   -0.17709
   0.44510   -0.15322   -0.29684
   0.67141   -0.19685   -0.40336
   0.90049   -0.22896   -0.48415
   1.12996   -0.25806   -0.54834
   1.36532   -0.28191   -0.60396
   1.59436   -0.29792   -0.65056
   1.81634   -0.30794   -0.69029
   2.04832   -0.31466   -0.72690
   2.30048   -0.31881   -0.75921
   2.56874   -0.31742   -0.77055
   2.82154   -0.30922   -0.75665
   3.06616   -0.29865   -0.73372
   3.31496   -0.28576   -0.69993
   3.56610   -0.27025   -0.65206
   3.81913   -0.25143   -0.58521
   4.06667   -0.23001   -0.50074
   4.30640   -0.20717   -0.40256
   4.53868   -0.18391   -0.29262
   4.76193   -0.16162   -0.17266
   4.97429   -0.14146   -0.04696
   5.17906   -0.12432    0.07624
   5.38465   -0.11166    0.19135
   5.59782   -0.10594    0.29420
   5.80964   -0.10811    0.37429
   6.00843   -0.10780    0.43190
   6.17511   -0.09724    0.46901
   6.18099   -0.09701    0.47113
   6.19137   -0.09789    0.47487
   6.24827   -0.08863    0.48456
   6.32143   -0.07911    0.49593
   6.39459   -0.06762    0.51119
   6.46774   -0.05775    0.52461
   6.54090   -0.04818    0.53759
   6.61406   -0.03817    0.54962
   6.68722   -0.02806    0.56392
   6.76038   -0.01436    0.58713
   6.83354    0.00000    0.61392

   0.00000    0.00000    0.00000
   0.05719   -0.04818   -0.06177
   0.22484   -0.12990   -0.16843
   0.44638   -0.21135   -0.28294
   0.67368   -0.26595   -0.37849
   0.90354   -0.30481   -0.45056
   1.13342   -0.34377   -0.51117
   1.36865   -0.37634   -0.56431
   1.59817   -0.39745   -0.60826
   1.82134   -0.40949   -0.64500
   2.05379   -0.41638   -0.67818
   2.30457   -0.41952   -0.70696
   2.56975   -0.41549   -0.71590
   2.82079   -0.40200   -0.70017
   3.06428   -0.38524   -0.67566
   3.31133   -0.36592   -0.64125
   3.56017   -0.34410   -0.59437
   3.81062   -0.31931   -0.53091
   4.05615   -0.29227   -0.45172
   4.29470   -0.26372   -0.35951
   4.52624   -0.23410   -0.25502
   4.74869   -0.20419   -0.13851
   4.96037   -0.17584   -0.01424
   5.16539   -0.15173    0.10792
   5.37190   -0.13486    0.22145
   5.58575   -0.12831    0.32229
   5.79983   -0.13359    0.40056
   6.00317   -0.13602    0.45594
   6.17511   -0.12753    0.49258
   6.18099   -0.12793    0.49453
   6.19137   -0.12894    0.49796
   6.24827   -0.11736    0.50406
   6.32143   -0.10456    0.51242
   6.39459   -0.09023    0.52434
   6.46774   -0.07726    0.53532
   6.54090   -0.06451    0.54626
   6.61406   -0.05098    0.55644
   6.68722   -0.03700    0.56854
   6.76038   -0.01906    0.58948
   6.83354    0.00000    0.61392

   0.00000    0.00000    0.00000
   0.05731   -0.07154   -0.05922
   0.22562   -0.17489   -0.15646
   0.44858   -0.27117   -0.25901
   0.67697   -0.33375   -0.34235
   0.90759   -0.38021   -0.40584
   1.13810   -0.42872   -0.46088
   1.37327   -0.46909   -0.50943
   1.60346   -0.49423   -0.54949
   1.82822   -0.50705   -0.58276
   2.06119   -0.51266   -0.61240
   2.31001   -0.51319   -0.63766
   2.57107   -0.50500   -0.64444
   2.81983   -0.48496   -0.62806
   3.06193   -0.46099   -0.60348
   3.30692   -0.43452   -0.56999
   3.55310   -0.40610   -0.52546
   3.80048   -0.37562   -0.46625
   4.04351   -0.34369   -0.39284
   4.28050   -0.31058   -0.30727
   4.51135   -0.27609   -0.21000
   4.73409   -0.24029   -0.10081
   4.94666   -0.20561    0.01798
   5.15222   -0.17590    0.13842
   5.35988   -0.15481    0.24983
   5.57426   -0.14754    0.34904
   5.78950   -0.15455    0.42822
   5.99742   -0.16111    0.48223
   6.17511   -0.15659    0.51767
   6.18099   -0.15757    0.51940
   6.19137   -0.15891    0.52245
   6.24827   -0.14546    0.52446
   6.32143   -0.12969    0.52940
   6.39459   -0.11288    0.53739
   6.46774   -0.09701    0.54560
   6.54090   -0.08108    0.55446
   6.61406   -0.06387    0.56309
   6.68722   -0.04566    0.57366
   6.76038   -0.02367    0.59201
   6.83354    0.00000    0.61392

   0.00000    0.00000    0.00000
   0.05796   -0.08840   -0.04520
   0.22733   -0.21477   -0.13012
   0.45187   -0.33130   -0.22322
   0.68126   -0.40215   -0.29524
   0.91282   -0.45337   -0.34815
   1.14424   -0.50929   -0.39490
   1.37938   -0.55580   -0.43676
   1.61044   -0.58369   -0.47202
   1.83717   -0.59597   -0.50180
   2.07064   -0.59884   -0.52838
   2.31682   -0.59528   -0.55088
   2.57271   -0.58177   -0.55656
   2.81868   -0.55475   -0.54144
   3.05919   -0.52342   -0.51892
   3.30187   -0.48992   -0.48839
   3.54514   -0.45517   -0.44790
   3.78918   -0.41942   -0.39416
   4.02945   -0.38327   -0.32729
   4.26464   -0.34666   -0.24894
   4.49460   -0.30908   -0.15938
   4.71754   -0.27020   -0.05812
   4.93153   -0.23212    0.05355
   5.13913   -0.19842    0.16876
   5.34825   -0.17332    0.27730
   5.56275   -0.16395    0.37582
   5.77881   -0.17167    0.45686
   5.99113   -0.18308    0.51104
   6.17511   -0.18482    0.54369
   6.18099   -0.18607    0.54525
   6.19137   -0.18798    0.54800
   6.24827   -0.17299    0.54564
   6.32143   -0.15462    0.54668
   6.39459   -0.13560    0.55034
   6.46774   -0.11702    0.55534
   6.54090   -0.09794    0.56204
   6.61406   -0.07688    0.56950
   6.68722   -0.05412    0.57913
   6.76038   -0.02808    0.59487
   6.83354    0.00000    0.61392

   0.00000    0.00000    0.00000
   0.05850   -0.10685   -0.03370
   0.22937   -0.25332   -0.09871
   0.45652   -0.38710   -0.17258
   0.68698   -0.46627   -0.23243
   0.91936   -0.52145   -0.27611
   1.15190   -0.58103   -0.31252
   1.38707   -0.62979   -0.34532
   1.61920   -0.65805   -0.37477
   1.84825   -0.66860   -0.40150
   2.08212   -0.66814   -0.42634
   2.32491   -0.66020   -0.44777
   2.57461   -0.64120   -0.45408
   2.81736   -0.60780   -0.44240
   3.05612   -0.57009   -0.42426
   3.29633   -0.53066   -0.39882
   3.53653   -0.49067   -0.36413
   3.77708   -0.45057   -0.31701
   4.01442   -0.41100   -0.25731
   4.24765   -0.37185   -0.18644
   4.47655   -0.33273   -0.10484
   4.69968   -0.29337   -0.01203
   4.91532   -0.25494    0.09163
   5.12534   -0.21910    0.20072
   5.33620   -0.19003    0.30575
   5.55092   -0.17768    0.40337
   5.76779   -0.18571    0.48639
   5.98418   -0.20103    0.54282
   6.17511   -0.21204    0.57076
   6.18099   -0.21391    0.57205
   6.19137   -0.21636    0.57432
   6.24827   -0.20003    0.56742
   6.32143   -0.17940    0.56416
   6.39459   -0.15837    0.56320
   6.46774   -0.13729    0.56456
   6.54090   -0.11507    0.56900
   6.61406   -0.09002    0.57566
   6.68722   -0.06239    0.58486
   6.76038   -0.03216    0.59817
   6.83354    0.00000    0.61392

   0.00000    0.00000    0.00000
   0.05918   -0.12167   -0.01906
   0.23201   -0.28255   -0.05808
   0.46255   -0.43089   -0.10707
   0.69414   -0.51969   -0.15381
   0.92732   -0.57765   -0.18834
   1.16111   -0.63573   -0.21353
   1.39621   -0.68174   -0.23662
   1.62950   -0.70779   -0.26033
   1.86113   -0.71617   -0.28494
   2.09525   -0.71311   -0.30955
   2.33401   -0.70213   -0.33169
   2.57671   -0.67892   -0.34046
   2.81593   -0.64095   -0.33422
   3.05282   -0.59896   -0.32240
   3.29045   -0.55567   -0.30378
   3.52752   -0.51225   -0.27631
   3.76451   -0.46917   -0.23682
   3.99887   -0.42714   -0.18483
   4.23003   -0.38633   -0.12164
   4.45769   -0.34693   -0.04783
   4.68071   -0.30936    0.03689
   4.89780   -0.27337    0.13283
   5.11030   -0.23709    0.23555
   5.32325   -0.20399    0.33632
   5.53855   -0.18905    0.43216
   5.75613   -0.19438    0.51760
   5.97671   -0.21655    0.57700
   6.17511   -0.23920    0.59790
   6.18099   -0.24745    0.60590
   6.19137   -0.24422    0.60120
   6.24827   -0.22671    0.58967
   6.32143   -0.20408    0.58179
   6.39459   -0.18119    0.57597
   6.46774   -0.15776    0.57331
   6.54090   -0.13244    0.57536
   6.61406   -0.10329    0.58155
   6.68722   -0.07054    0.59077
   6.76038   -0.03578    0.60198
   6.83354    0.00000    0.61392


#NETWORK = TAIL-HOR-TOP          14   6  NEW
   6.17511    0.26004    0.62973
   6.18099    0.26000    0.64191
   6.19137    0.26000    0.64915
   6.24827    0.26000    0.66170
   6.32143    0.26000    0.66657
   6.39459    0.26000    0.66891
   6.46774    0.26000    0.66993
   6.54090    0.26000    0.66924
   6.61406    0.26000    0.66597
   6.68722    0.26000    0.66015
   6.76038    0.26000    0.65264
   6.83354    0.26000    0.64425
   6.90669    0.26000    0.63594
   6.98798    0.26000    0.62961

   6.38421    0.41000    0.62961
   6.38885    0.41000    0.63805
   6.39675    0.41000    0.64272
   6.44061    0.41000    0.65063
   6.49700    0.41000    0.65333
   6.55340    0.41000    0.65454
   6.60980    0.41000    0.65505
   6.66619    0.41000    0.65460
   6.72259    0.41000    0.65261
   6.77899    0.41000    0.64903
   6.83538    0.41000    0.64435
   6.89178    0.41000    0.63905
   6.94817    0.41000    0.63373
   7.01084    0.41000    0.62961

   6.56300    0.56000    0.62961
   6.56655    0.56000    0.63612
   6.57261    0.56000    0.63972
   6.60626    0.56000    0.64583
   6.64953    0.56000    0.64794
   6.69279    0.56000    0.64888
   6.73605    0.56000    0.64928
   6.77932    0.56000    0.64893
   6.82258    0.56000    0.64739
   6.86585    0.56000    0.64462
   6.90911    0.56000    0.64100
   6.95238    0.56000    0.63690
   6.99564    0.56000    0.63279
   7.04371    0.56000    0.62961

   6.73079    0.71000    0.62961
   6.73340    0.71000    0.63485
   6.73795    0.71000    0.63788
   6.76301    0.71000    0.64311
   6.79523    0.71000    0.64507
   6.82745    0.71000    0.64600
   6.85967    0.71000    0.64640
   6.89189    0.71000    0.64611
   6.92411    0.71000    0.64476
   6.95633    0.71000    0.64236
   6.98855    0.71000    0.63924
   7.02077    0.71000    0.63574
   7.05299    0.71000    0.63227
   7.08879    0.71000    0.62961

   6.90092    0.86000    0.62961
   6.90271    0.86000    0.63340
   6.90587    0.86000    0.63564
   6.92317    0.86000    0.63953
   6.94542    0.86000    0.64106
   6.96766    0.86000    0.64180
   6.98990    0.86000    0.64212
   7.01215    0.86000    0.64191
   7.03440    0.86000    0.64089
   7.05664    0.86000    0.63908
   7.07889    0.86000    0.63675
   7.10113    0.86000    0.63415
   7.12338    0.86000    0.63157
   7.14809    0.86000    0.62961

   7.01919    0.96248    0.62961
   7.03301    0.97333    0.63213
   7.04227    0.97952    0.63349
   7.06921    0.99353    0.63551
   7.09119    1.00123    0.63608
   7.10864    1.00528    0.63630
   7.12385    1.00742    0.63637
   7.13775    1.00834    0.63622
   7.15080    1.00834    0.63568
   7.16385    1.00834    0.63471
   7.17690    1.00834    0.63347
   7.18995    1.00834    0.63207
   7.20300    1.00834    0.63068
   7.21310    0.99936    0.62961


   7.01919   -0.96248    0.62961
   7.03301   -0.97333    0.63213
   7.04227   -0.97952    0.63349
   7.06921   -0.99353    0.63551
   7.09119   -1.00123    0.63608
   7.10864   -1.00528    0.63630
   7.12385   -1.00742    0.63637
   7.13775   -1.00834    0.63622
   7.15080   -1.00834    0.63568
   7.16385   -1.00834    0.63471
   7.17690   -1.00834    0.63347
   7.18995   -1.00834    0.63207
   7.20300   -1.00834    0.63068
   7.21310   -0.99936    0.62961

   6.90092   -0.86000    0.62961
   6.90271   -0.86000    0.63340
   6.90587   -0.86000    0.63564
   6.92317   -0.86000    0.63953
   6.94542   -0.86000    0.64106
   6.96766   -0.86000    0.64180
   6.98990   -0.86000    0.64212
   7.01215   -0.86000    0.64191
   7.03440   -0.86000    0.64089
   7.05664   -0.86000    0.63908
   7.07889   -0.86000    0.63675
   7.10113   -0.86000    0.63415
   7.12338   -0.86000    0.63157
   7.14809   -0.86000    0.62961

   6.73079   -0.71000    0.62961
   6.73340   -0.71000    0.63485
   6.73795   -0.71000    0.63788
   6.76301   -0.71000    0.64311
   6.79523   -0.71000    0.64507
   6.82745   -0.71000    0.64600
   6.85967   -0.71000    0.64640
   6.89189   -0.71000    0.64611
   6.92411   -0.71000    0.64476
   6.95633   -0.71000    0.64236
   6.98855   -0.71000    0.63924
   7.02077   -0.71000    0.63574
   7.05299   -0.71000    0.63227
   7.08879   -0.71000    0.62961

   6.56300   -0.56000    0.62961
   6.56655   -0.56000    0.63612
   6.57261   -0.56000    0.63972
   6.60626   -0.56000    0.64583
   6.64953   -0.56000    0.64794
   6.69279   -0.56000    0.64888
   6.73605   -0.56000    0.64928
   6.77932   -0.56000    0.64893
   6.82258   -0.56000    0.64739
   6.86585   -0.56000    0.64462
   6.90911   -0.56000    0.64100
   6.95238   -0.56000    0.63690
   6.99564   -0.56000    0.63279
   7.04371   -0.56000    0.62961

   6.38421   -0.41000    0.62961
   6.38885   -0.41000    0.63805
   6.39675   -0.41000    0.64272
   6.44061   -0.41000    0.65063
   6.49700   -0.41000    0.65333
   6.55340   -0.41000    0.65454
   6.60980   -0.41000    0.65505
   6.66619   -0.41000    0.65460
   6.72259   -0.41000    0.65261
   6.77899   -0.41000    0.64903
   6.83538   -0.41000    0.64435
   6.89178   -0.41000    0.63905
   6.94817   -0.41000    0.63373
   7.01084   -0.41000    0.62961

   6.17511   -0.26004    0.62973
   6.18099   -0.26000    0.64191
   6.19137   -0.26000    0.64915
   6.24827   -0.26000    0.66170
   6.32143   -0.26000    0.66657
   6.39459   -0.26000    0.66891
   6.46774   -0.26000    0.66993
   6.54090   -0.26000    0.66924
   6.61406   -0.26000    0.66597
   6.68722   -0.26000    0.66015
   6.76038   -0.26000    0.65264
   6.83354   -0.26000    0.64425
   6.90669   -0.26000    0.63594
   6.98798   -0.26000    0.62961


#NETWORK = TAIL-HOR-BOT          14   6  NEW
   7.01919    0.96248    0.62961
   7.03301    0.97333    0.62709
   7.04227    0.97952    0.62574
   7.06921    0.99353    0.62372
   7.09119    1.00123    0.62315
   7.10864    1.00528    0.62293
   7.12385    1.00742    0.62285
   7.13775    1.00834    0.62301
   7.15080    1.00834    0.62355
   7.16385    1.00834    0.62451
   7.17690    1.00834    0.62576
   7.18995    1.00834    0.62716
   7.20300    1.00834    0.62855
   7.21310    0.99936    0.62961

   6.90092    0.86000    0.62961
   6.90271    0.86000    0.62582
   6.90587    0.86000    0.62358
   6.92317    0.86000    0.61969
   6.94542    0.86000    0.61816
   6.96766    0.86000    0.61743
   6.98990    0.86000    0.61710
   7.01215    0.86000    0.61732
   7.03440    0.86000    0.61834
   7.05664    0.86000    0.62015
   7.07889    0.86000    0.62248
   7.10113    0.86000    0.62508
   7.12338    0.86000    0.62765
   7.14809    0.86000    0.62961

   6.73079    0.71000    0.62961
   6.73340    0.71000    0.62437
   6.73795    0.71000    0.62134
   6.76301    0.71000    0.61612
   6.79523    0.71000    0.61415
   6.82745    0.71000    0.61322
   6.85967    0.71000    0.61282
   6.89189    0.71000    0.61311
   6.92411    0.71000    0.61446
   6.95633    0.71000    0.61687
   6.98855    0.71000    0.61999
   7.02077    0.71000    0.62348
   7.05299    0.71000    0.62696
   7.08879    0.71000    0.62961

   6.56300    0.56000    0.62961
   6.56655    0.56000    0.62311
   6.57261    0.56000    0.61951
   6.60626    0.56000    0.61339
   6.64953    0.56000    0.61129
   6.69279    0.56000    0.61034
   6.73605    0.56000    0.60995
   6.77932    0.56000    0.61030
   6.82258    0.56000    0.61183
   6.86585    0.56000    0.61460
   6.90911    0.56000    0.61823
   6.95238    0.56000    0.62232
   6.99564    0.56000    0.62644
   7.04371    0.56000    0.62961

   6.38421    0.41000    0.62961
   6.38885    0.41000    0.62117
   6.39675    0.41000    0.61651
   6.44061    0.41000    0.60860
   6.49700    0.41000    0.60590
   6.55340    0.41000    0.60468
   6.60980    0.41000    0.60418
   6.66619    0.41000    0.60463
   6.72259    0.41000    0.60661
   6.77899    0.41000    0.61019
   6.83538    0.41000    0.61488
   6.89178    0.41000    0.62018
   6.94817    0.41000    0.62550
   7.01084    0.41000    0.62961

   6.17511    0.26004    0.62973
   6.18099    0.26000    0.61731
   6.19137    0.26000    0.61007
   6.24827    0.26000    0.59752
   6.32143    0.26000    0.59266
   6.39459    0.26000    0.59031
   6.46774    0.26000    0.58930
   6.54090    0.26000    0.58998
   6.61406    0.26000    0.59326
   6.68722    0.26000    0.59908
   6.76038    0.26000    0.60659
   6.83354    0.26000    0.61497
   6.90669    0.26000    0.62328
   6.98798    0.26000    0.62961


   6.17511   -0.26004    0.62973
   6.18099   -0.26000    0.61731
   6.19137   -0.26000    0.61007
   6.24827   -0.26000    0.59752
   6.32143   -0.26000    0.59266
   6.39459   -0.26000    0.59031
   6.46774   -0.26000    0.58930
   6.54090   -0.26000    0.58998
   6.61406   -0.26000    0.59326
   6.68722   -0.26000    0.59908
   6.76038   -0.26000    0.60659
   6.83354   -0.26000    0.61497
   6.90669   -0.26000    0.62328
   6.98798   -0.26000    0.62961

   6.38421   -0.41000    0.62961
   6.38885   -0.41000    0.62117
   6.39675   -0.41000    0.61651
   6.44061   -0.41000    0.60860
   6.49700   -0.41000    0.60590
   6.55340   -0.41000    0.60468
   6.60980   -0.41000    0.60418
   6.66619   -0.41000    0.60463
   6.72259   -0.41000    0.60661
   6.77899   -0.41000    0.61019
   6.83538   -0.41000    0.61488
   6.89178   -0.41000    0.62018
   6.94817   -0.41000    0.62550
   7.01084   -0.41000    0.62961

   6.56300   -0.56000    0.62961
   6.56655   -0.56000    0.62311
   6.57261   -0.56000    0.61951
   6.60626   -0.56000    0.61339
   6.64953   -0.56000    0.61129
   6.69279   -0.56000    0.61034
   6.73605   -0.56000    0.60995
   6.77932   -0.56000    0.61030
   6.82258   -0.56000    0.61183
   6.86585   -0.56000    0.61460
   6.90911   -0.56000    0.61823
   6.95238   -0.56000    0.62232
   6.99564   -0.56000    0.62644
   7.04371   -0.56000    0.62961

   6.73079   -0.71000    0.62961
   6.73340   -0.71000    0.62437
   6.73795   -0.71000    0.62134
   6.76301   -0.71000    0.61612
   6.79523   -0.71000    0.61415
   6.82745   -0.71000    0.61322
   6.85967   -0.71000    0.61282
   6.89189   -0.71000    0.61311
   6.92411   -0.71000    0.61446
   6.95633   -0.71000    0.61687
   6.98855   -0.71000    0.61999
   7.02077   -0.71000    0.62348
   7.05299   -0.71000    0.62696
   7.08879   -0.71000    0.62961

   6.90092   -0.86000    0.62961
   6.90271   -0.86000    0.62582
   6.90587   -0.86000    0.62358
   6.92317   -0.86000    0.61969
   6.94542   -0.86000    0.61816
   6.96766   -0.86000    0.61743
   6.98990   -0.86000    0.61710
   7.01215   -0.86000    0.61732
   7.03440   -0.86000    0.61834
   7.05664   -0.86000    0.62015
   7.07889   -0.86000    0.62248
   7.10113   -0.86000    0.62508
   7.12338   -0.86000    0.62765
   7.14809   -0.86000    0.62961

   7.01919   -0.96248    0.62961
   7.03301   -0.97333    0.62709
   7.04227   -0.97952    0.62574
   7.06921   -0.99353    0.62372
   7.09119   -1.00123    0.62315
   7.10864   -1.00528    0.62293
   7.12385   -1.00742    0.62285
   7.13775   -1.00834    0.62301
   7.15080   -1.00834    0.62355
   7.16385   -1.00834    0.62451
   7.17690   -1.00834    0.62576
   7.18995   -1.00834    0.62716
   7.20300   -1.00834    0.62855
   7.21310   -0.99936    0.62961


#NETWORK = FIN-TOP               11   9  NEW
   2.24615    0.71820   -0.13168
   2.24387    0.71497   -0.10853
   2.24763    0.71048   -0.08568
   2.27537    0.69807   -0.04680
   2.31275    0.68550   -0.01921
   2.37698    0.67457   -0.00777
   2.46527    0.67321   -0.03080
   2.55370    0.67196   -0.06271
   2.62820    0.66760   -0.08700
   2.69273    0.66480   -0.11317
   2.74057    0.66409   -0.13415

   2.28218    0.74450   -0.13927
   2.28533    0.74432   -0.12346
   2.29482    0.74378   -0.10921
   2.33165    0.74169   -0.08727
   2.38888    0.73843   -0.07666
   2.46068    0.73435   -0.07792
   2.53984    0.72985   -0.08834
   2.61836    0.72539   -0.10362
   2.68903    0.72137   -0.11972
   2.74488    0.71819   -0.13384
   2.77891    0.71626   -0.14845

   2.30791    0.77078   -0.14718
   2.31114    0.77078   -0.13419
   2.32086    0.77078   -0.12266
   2.35857    0.77078   -0.10556
   2.41692    0.77078   -0.09846
   2.48970    0.77078   -0.10147
   2.56932    0.77078   -0.11197
   2.64772    0.77078   -0.12615
   2.71760    0.77078   -0.14069
   2.77231    0.77078   -0.15317
   2.81899    0.77078   -0.16558

   2.40989    0.92121   -0.19241
   2.41294    0.92121   -0.18419
   2.42169    0.92121   -0.17693
   2.45510    0.92121   -0.16615
   2.50650    0.92121   -0.16169
   2.57029    0.92121   -0.16400
   2.63982    0.92121   -0.17184
   2.70865    0.92121   -0.18283
   2.76832    0.92121   -0.19470
   2.81508    0.92121   -0.20513
   2.84978    0.92121   -0.21607

   2.49810    1.06814   -0.23659
   2.50090    1.06814   -0.22916
   2.50878    1.06814   -0.22266
   2.53867    1.06814   -0.21318
   2.58451    1.06814   -0.20954
   2.64127    1.06814   -0.21225
   2.70308    1.06814   -0.22024
   2.76389    1.06814   -0.23139
   2.81740    1.06814   -0.24336
   2.85947    1.06814   -0.25397
   2.89601    1.06814   -0.26465

   2.58593    1.19765   -0.27553
   2.58804    1.19765   -0.26806
   2.59508    1.19765   -0.26157
   2.62329    1.19765   -0.25222
   2.66752    1.19765   -0.24888
   2.72354    1.19765   -0.25203
   2.78557    1.19765   -0.26050
   2.84499    1.19765   -0.27190
   2.90032    1.19765   -0.28340
   2.94488    1.19765   -0.29332
   2.98342    1.19765   -0.30305

   2.71387    1.31328   -0.31030
   2.71617    1.31328   -0.30360
   2.72379    1.31328   -0.29784
   2.75400    1.31328   -0.28986
   2.80014    1.31328   -0.28751
   2.85587    1.31328   -0.29055
   2.91487    1.31328   -0.29727
   2.97499    1.31328   -0.30547
   3.02754    1.31328   -0.31354
   3.06386    1.31328   -0.32018
   3.09374    1.31328   -0.32660

   2.82952    1.37861   -0.32995
   2.83407    1.37861   -0.32537
   2.84273    1.37861   -0.32141
   2.86992    1.37861   -0.31579
   2.90864    1.37861   -0.31380
   2.95397    1.37861   -0.31526
   3.00267    1.37861   -0.31911
   3.05884    1.37861   -0.32403
   3.10634    1.37861   -0.32905
   3.13322    1.37861   -0.33326
   3.15559    1.37861   -0.33743

   3.03700    1.43000   -0.34540
   3.03803    1.43000   -0.34314
   3.04109    1.43000   -0.34108
   3.05295    1.43000   -0.33771
   3.07142    1.43000   -0.33576
   3.09470    1.43000   -0.33545
   3.12050    1.43000   -0.33656
   3.14630    1.43000   -0.33857
   3.16958    1.43000   -0.34091
   3.18805    1.43000   -0.34308
   3.20400    1.43000   -0.34540


   3.03700   -1.43000   -0.34540
   3.03803   -1.43000   -0.34314
   3.04109   -1.43000   -0.34108
   3.05295   -1.43000   -0.33771
   3.07142   -1.43000   -0.33576
   3.09470   -1.43000   -0.33545
   3.12050   -1.43000   -0.33656
   3.14630   -1.43000   -0.33857
   3.16958   -1.43000   -0.34091
   3.18805   -1.43000   -0.34308
   3.20400   -1.43000   -0.34540

   2.82952   -1.37861   -0.32995
   2.83407   -1.37861   -0.32537
   2.84273   -1.37861   -0.32141
   2.86992   -1.37861   -0.31579
   2.90864   -1.37861   -0.31380
   2.95397   -1.37861   -0.31526
   3.00267   -1.37861   -0.31911
   3.05884   -1.37861   -0.32403
   3.10634   -1.37861   -0.32905
   3.13322   -1.37861   -0.33326
   3.15559   -1.37861   -0.33743

   2.71387   -1.31328   -0.31030
   2.71617   -1.31328   -0.30360
   2.72379   -1.31328   -0.29784
   2.75400   -1.31328   -0.28986
   2.80014   -1.31328   -0.28751
   2.85587   -1.31328   -0.29055
   2.91487   -1.31328   -0.29727
   2.97499   -1.31328   -0.30547
   3.02754   -1.31328   -0.31354
   3.06386   -1.31328   -0.32018
   3.09374   -1.31328   -0.32660

   2.58593   -1.19765   -0.27553
   2.58804   -1.19765   -0.26806
   2.59508   -1.19765   -0.26157
   2.62329   -1.19765   -0.25222
   2.66752   -1.19765   -0.24888
   2.72354   -1.19765   -0.25203
   2.78557   -1.19765   -0.26050
   2.84499   -1.19765   -0.27190
   2.90032   -1.19765   -0.28340
   2.94488   -1.19765   -0.29332
   2.98342   -1.19765   -0.30305

   2.49810   -1.06814   -0.23659
   2.50090   -1.06814   -0.22916
   2.50878   -1.06814   -0.22266
   2.53867   -1.06814   -0.21318
   2.58451   -1.06814   -0.20954
   2.64127   -1.06814   -0.21225
   2.70308   -1.06814   -0.22024
   2.76389   -1.06814   -0.23139
   2.81740   -1.06814   -0.24336
   2.85947   -1.06814   -0.25397
   2.89601   -1.06814   -0.26465

   2.40989   -0.92121   -0.19241
   2.41294   -0.92121   -0.18419
   2.42169   -0.92121   -0.17693
   2.45510   -0.92121   -0.16615
   2.50650   -0.92121   -0.16169
   2.57029   -0.92121   -0.16400
   2.63982   -0.92121   -0.17184
   2.70865   -0.92121   -0.18283
   2.76832   -0.92121   -0.19470
   2.81508   -0.92121   -0.20513
   2.84978   -0.92121   -0.21607

   2.30791   -0.77078   -0.14718
   2.31114   -0.77078   -0.13419
   2.32086   -0.77078   -0.12266
   2.35857   -0.77078   -0.10556
   2.41692   -0.77078   -0.09846
   2.48970   -0.77078   -0.10147
   2.56932   -0.77078   -0.11197
   2.64772   -0.77078   -0.12615
   2.71760   -0.77078   -0.14069
   2.77231   -0.77078   -0.15317
   2.81899   -0.77078   -0.16558

   2.28218   -0.74450   -0.13927
   2.28533   -0.74432   -0.12346
   2.29482   -0.74378   -0.10921
   2.33165   -0.74169   -0.08727
   2.38888   -0.73843   -0.07666
   2.46068   -0.73435   -0.07792
   2.53984   -0.72985   -0.08834
   2.61836   -0.72539   -0.10362
   2.68903   -0.72137   -0.11972
   2.74488   -0.71819   -0.13384
   2.77891   -0.71626   -0.14845

   2.24615   -0.71820   -0.13168
   2.24387   -0.71497   -0.10853
   2.24763   -0.71048   -0.08568
   2.27537   -0.69807   -0.04680
   2.31275   -0.68550   -0.01921
   2.37698   -0.67457   -0.00777
   2.46527   -0.67321   -0.03080
   2.55370   -0.67196   -0.06271
   2.62820   -0.66760   -0.08700
   2.69273   -0.66480   -0.11317
   2.74057   -0.66409   -0.13415


#NETWORK = FIN-BOT               11   9  NEW
   3.03700    1.43000   -0.34540
   3.03803    1.43000   -0.34766
   3.04109    1.43000   -0.34972
   3.05295    1.43000   -0.35309
   3.07142    1.43000   -0.35504
   3.09470    1.43000   -0.35535
   3.12050    1.43000   -0.35424
   3.14630    1.43000   -0.35223
   3.16958    1.43000   -0.34989
   3.18805    1.43000   -0.34772
   3.20400    1.43000   -0.34540

   2.82952    1.37861   -0.32995
   2.83407    1.37861   -0.33469
   2.84273    1.37861   -0.33913
   2.86992    1.37861   -0.34648
   2.90864    1.37861   -0.35082
   2.95397    1.37861   -0.35186
   3.00267    1.37861   -0.35030
   3.05884    1.37861   -0.34727
   3.10634    1.37861   -0.34404
   3.13322    1.37861   -0.34084
   3.15559    1.37861   -0.33743

   2.71387    1.31328   -0.31030
   2.71617    1.31328   -0.31732
   2.72379    1.31328   -0.32401
   2.75400    1.31328   -0.33544
   2.80014    1.31328   -0.34270
   2.85587    1.31328   -0.34508
   2.91487    1.31328   -0.34349
   2.97499    1.31328   -0.33964
   3.02754    1.31328   -0.33539
   3.06386    1.31328   -0.33117
   3.09374    1.31328   -0.32660

   2.58593    1.19765   -0.27553
   2.58804    1.19765   -0.28337
   2.59508    1.19765   -0.29093
   2.62329    1.19765   -0.30446
   2.66752    1.19765   -0.31439
   2.72354    1.19765   -0.31959
   2.78557    1.19765   -0.32030
   2.84499    1.19765   -0.31774
   2.90032    1.19765   -0.31274
   2.94488    1.19765   -0.30833
   2.98342    1.19765   -0.30305

   2.49810    1.06814   -0.23659
   2.50090    1.06814   -0.24433
   2.50878    1.06814   -0.25176
   2.53867    1.06814   -0.26488
   2.58451    1.06814   -0.27428
   2.64127    1.06814   -0.27904
   2.70308    1.06814   -0.27960
   2.76389    1.06814   -0.27731
   2.81740    1.06814   -0.27361
   2.85947    1.06814   -0.26962
   2.89601    1.06814   -0.26465

   2.40989    0.92121   -0.19241
   2.41294    0.92121   -0.20089
   2.42169    0.92121   -0.20890
   2.45510    0.92121   -0.22265
   2.50650    0.92121   -0.23183
   2.57029    0.92121   -0.23561
   2.63982    0.92121   -0.23474
   2.70865    0.92121   -0.23094
   2.76832    0.92121   -0.22618
   2.81508    0.92121   -0.22131
   2.84978    0.92121   -0.21607

   2.30791    0.77078   -0.14718
   2.31114    0.77078   -0.16038
   2.32086    0.77078   -0.17256
   2.35857    0.77078   -0.19217
   2.41692    0.77078   -0.20320
   2.48970    0.77078   -0.20517
   2.56932    0.77078   -0.20028
   2.64772    0.77078   -0.19178
   2.71760    0.77078   -0.18246
   2.77231    0.77078   -0.17425
   2.81899    0.77078   -0.16558

   2.28218    0.74450   -0.13927
   2.28533    0.74432   -0.15521
   2.29482    0.74378   -0.16979
   2.33165    0.74169   -0.19302
   2.38888    0.73843   -0.20562
   2.46068    0.73435   -0.20684
   2.53984    0.72985   -0.19917
   2.61836    0.72539   -0.18665
   2.68903    0.72137   -0.17295
   2.74488    0.71819   -0.16081
   2.77891    0.71626   -0.14845

   2.24615    0.71820   -0.13168
   2.25215    0.72039   -0.15308
   2.26291    0.72131   -0.17195
   2.30310    0.71949   -0.20042
   2.36037    0.71527   -0.21534
   2.43162    0.70907   -0.21628
   2.50850    0.70087   -0.20655
   2.58262    0.69079   -0.19056
   2.64672    0.67976   -0.17199
   2.69790    0.67122   -0.15393
   2.74057    0.66409   -0.13415


   2.24615   -0.71820   -0.13168
   2.25215   -0.72039   -0.15308
   2.26291   -0.72131   -0.17195
   2.30310   -0.71949   -0.20042
   2.36037   -0.71527   -0.21534
   2.43162   -0.70907   -0.21628
   2.50850   -0.70087   -0.20655
   2.58262   -0.69079   -0.19056
   2.64672   -0.67976   -0.17199
   2.69790   -0.67122   -0.15393
   2.74057   -0.66409   -0.13415

   2.28218   -0.74450   -0.13927
   2.28533   -0.74432   -0.15521
   2.29482   -0.74378   -0.16979
   2.33165   -0.74169   -0.19302
   2.38888   -0.73843   -0.20562
   2.46068   -0.73435   -0.20684
   2.53984   -0.72985   -0.19917
   2.61836   -0.72539   -0.18665
   2.68903   -0.72137   -0.17295
   2.74488   -0.71819   -0.16081
   2.77891   -0.71626   -0.14845

   2.30791   -0.77078   -0.14718
   2.31114   -0.77078   -0.16038
   2.32086   -0.77078   -0.17256
   2.35857   -0.77078   -0.19217
   2.41692   -0.77078   -0.20320
   2.48970   -0.77078   -0.20517
   2.56932   -0.77078   -0.20028
   2.64772   -0.77078   -0.19178
   2.71760   -0.77078   -0.18246
   2.77231   -0.77078   -0.17425
   2.81899   -0.77078   -0.16558

   2.40989   -0.92121   -0.19241
   2.41294   -0.92121   -0.20089
   2.42169   -0.92121   -0.20890
   2.45510   -0.92121   -0.22265
   2.50650   -0.92121   -0.23183
   2.57029   -0.92121   -0.23561
   2.63982   -0.92121   -0.23474
   2.70865   -0.92121   -0.23094
   2.76832   -0.92121   -0.22618
   2.81508   -0.92121   -0.22131
   2.84978   -0.92121   -0.21607

   2.49810   -1.06814   -0.23659
   2.50090   -1.06814   -0.24433
   2.50878   -1.06814   -0.25176
   2.53867   -1.06814   -0.26488
   2.58451   -1.06814   -0.27428
   2.64127   -1.06814   -0.27904
   2.70308   -1.06814   -0.27960
   2.76389   -1.06814   -0.27731
   2.81740   -1.06814   -0.27361
   2.85947   -1.06814   -0.26962
   2.89601   -1.06814   -0.26465

   2.58593   -1.19765   -0.27553
   2.58804   -1.19765   -0.28337
   2.59508   -1.19765   -0.29093
   2.62329   -1.19765   -0.30446
   2.66752   -1.19765   -0.31439
   2.72354   -1.19765   -0.31959
   2.78557   -1.19765   -0.32030
   2.84499   -1.19765   -0.31774
   2.90032   -1.19765   -0.31274
   2.94488   -1.19765   -0.30833
   2.98342   -1.19765   -0.30305

   2.71387   -1.31328   -0.31030
   2.71617   -1.31328   -0.31732
   2.72379   -1.31328   -0.32401
   2.75400   -1.31328   -0.33544
   2.80014   -1.31328   -0.34270
   2.85587   -1.31328   -0.34508
   2.91487   -1.31328   -0.34349
   2.97499   -1.31328   -0.33964
   3.02754   -1.31328   -0.33539
   3.06386   -1.31328   -0.33117
   3.09374   -1.31328   -0.32660

   2.82952   -1.37861   -0.32995
   2.83407   -1.37861   -0.33469
   2.84273   -1.37861   -0.33913
   2.86992   -1.37861   -0.34648
   2.90864   -1.37861   -0.35082
   2.95397   -1.37861   -0.35186
   3.00267   -1.37861   -0.35030
   3.05884   -1.37861   -0.34727
   3.10634   -1.37861   -0.34404
   3.13322   -1.37861   -0.34084
   3.15559   -1.37861   -0.33743

   3.03700   -1.43000   -0.34540
   3.03803   -1.43000   -0.34766
   3.04109   -1.43000   -0.34972
   3.05295   -1.43000   -0.35309
   3.07142   -1.43000   -0.35504
   3.09470   -1.43000   -0.35535
   3.12050   -1.43000   -0.35424
   3.14630   -1.43000   -0.35223
   3.16958   -1.43000   -0.34989
   3.18805   -1.43000   -0.34772
   3.20400   -1.43000   -0.34540


#NETWORK = TAIL-TIP              14   2  NEW
   7.01919    0.96248    0.62961
   7.03301    0.97333    0.63213
   7.04227    0.97952    0.63349
   7.06921    0.99353    0.63551
   7.09119    1.00123    0.63608
   7.10864    1.00528    0.63630
   7.12385    1.00742    0.63637
   7.13775    1.00834    0.63622
   7.15080    1.00834    0.63568
   7.16385    1.00834    0.63471
   7.17690    1.00834    0.63347
   7.18995    1.00834    0.63207
   7.20300    1.00834    0.63068
   7.21310    0.99936    0.62961

   7.01919    0.96248    0.62961
   7.03301    0.97333    0.62709
   7.04227    0.97952    0.62574
   7.06921    0.99353    0.62372
   7.09119    1.00123    0.62315
   7.10864    1.00528    0.62293
   7.12385    1.00742    0.62285
   7.13775    1.00834    0.62301
   7.15080    1.00834    0.62355
   7.16385    1.00834    0.62451
   7.17690    1.00834    0.62576
   7.18995    1.00834    0.62716
   7.20300    1.00834    0.62855
   7.21310    0.99936    0.62961


   7.01919   -0.96248    0.62961
   7.03301   -0.97333    0.62709
   7.04227   -0.97952    0.62574
   7.06921   -0.99353    0.62372
   7.09119   -1.00123    0.62315
   7.10864   -1.00528    0.62293
   7.12385   -1.00742    0.62285
   7.13775   -1.00834    0.62301
   7.15080   -1.00834    0.62355
   7.16385   -1.00834    0.62451
   7.17690   -1.00834    0.62576
   7.18995   -1.00834    0.62716
   7.20300   -1.00834    0.62855
   7.21310   -0.99936    0.62961

   7.01919   -0.96248    0.62961
   7.03301   -0.97333    0.63213
   7.04227   -0.97952    0.63349
   7.06921   -0.99353    0.63551
   7.09119   -1.00123    0.63608
   7.10864   -1.00528    0.63630
   7.12385   -1.00742    0.63637
   7.13775   -1.00834    0.63622
   7.15080   -1.00834    0.63568
   7.16385   -1.00834    0.63471
   7.17690   -1.00834    0.63347
   7.18995   -1.00834    0.63207
   7.20300   -1.00834    0.63068
   7.21310   -0.99936    0.62961


#NETWORK = FIN-TIP               11   2  NEW
   3.03700    1.43000   -0.34540
   3.03803    1.43000   -0.34314
   3.04109    1.43000   -0.34108
   3.05295    1.43000   -0.33771
   3.07142    1.43000   -0.33576
   3.09470    1.43000   -0.33545
   3.12050    1.43000   -0.33656
   3.14630    1.43000   -0.33857
   3.16958    1.43000   -0.34091
   3.18805    1.43000   -0.34308
   3.20400    1.43000   -0.34540

   3.03700    1.43000   -0.34540
   3.03803    1.43000   -0.34766
   3.04109    1.43000   -0.34972
   3.05295    1.43000   -0.35309
   3.07142    1.43000   -0.35504
   3.09470    1.43000   -0.35535
   3.12050    1.43000   -0.35424
   3.14630    1.43000   -0.35223
   3.16958    1.43000   -0.34989
   3.18805    1.43000   -0.34772
   3.20400    1.43000   -0.34540


   3.03700   -1.43000   -0.34540
   3.03803   -1.43000   -0.34766
   3.04109   -1.43000   -0.34972
   3.05295   -1.43000   -0.35309
   3.07142   -1.43000   -0.35504
   3.09470   -1.43000   -0.35535
   3.12050   -1.43000   -0.35424
   3.14630   -1.43000   -0.35223
   3.16958   -1.43000   -0.34989
   3.18805   -1.43000   -0.34772
   3.20400   -1.43000   -0.34540

   3.03700   -1.43000   -0.34540
   3.03803   -1.43000   -0.34314
   3.04109   -1.43000   -0.34108
   3.05295   -1.43000   -0.33771
   3.07142   -1.43000   -0.33576
   3.09470   -1.43000   -0.33545
   3.12050   -1.43000   -0.33656
   3.14630   -1.43000   -0.33857
   3.16958   -1.43000   -0.34091
   3.18805   -1.43000   -0.34308
   3.20400   -1.43000   -0.34540

