 -1.409668 0.000100 0.000100 0.000100
 -1.853003 0.000100 0.000100 0.000100
 -1.896020 0.000100 0.000100 0.000100
 -0.801078 0.000100 0.000100 0.000100
 -1.359626 -1.333651 -2.358150 -0.954162
 -1.186582 -2.944423 -2.474427 -0.583587
 -1.178656 -1.515127 -2.431410 -0.955513
 -1.755654 -1.777160 -1.446919 -0.860871
 -1.004584 -1.623622 -2.470915 -1.043805
 -1.442384 -2.215569 -2.908708 -0.510828
 -0.987948 -2.240704 -1.978342 -0.959777
 -1.628856 -1.799481 -1.609438 -0.824484
 -1.228666 -2.008822 -2.104132 -0.795802
 -1.200396 -1.967647 -3.433958 -0.640781
 -0.807925 -2.339391 -1.585626 -1.374318
 -1.613204 -1.972577 -1.393842 -0.883017
 -0.968854 -1.585627 -2.339395 -1.141696
 -1.437587 -2.772574 -2.302577 -0.510828
 -1.079921 -2.178528 -2.583989 -0.751418
 -1.605508 -1.645514 -1.823761 -0.809947
 -0.986765 -1.574550 -2.644986 -1.052362
 -1.469676 -2.813398 -2.407938 -0.478038
 -1.294728 -2.681007 -1.987870 -0.652876
 -1.417066 -2.174750 -1.747307 -0.755668
 -1.223776 -2.000302 -2.245424 -0.766352
 -1.558144 -1.845824 -2.133503 -0.667174
 -1.124931 -2.397886 -1.945906 -0.817447
 -1.620095 -1.981884 -1.471060 -0.833263
 -1.252763 -1.854937 -2.687840 -0.713768
 -1.504077 -1.686397 -2.602678 -0.656782
 -1.233532 -1.995668 -1.744356 -0.921158
 -1.903198 -1.810108 -1.609438 -0.718932
 -1.441210 -1.879463 -2.236136 -0.685544
 -1.355835 -2.176811 -2.272120 -0.642887
 -1.230541 -1.923684 -2.090736 -0.825077
 -1.905226 -2.055507 -1.322621 -0.783625
 -1.164753 -1.532476 -2.430413 -0.957114
 -1.216396 -1.909539 -2.784996 -0.705572
 -1.351203 -2.320598 -1.774058 -0.748209
 -2.025373 -1.812812 -1.428854 -0.765121
 -1.178656 -1.823010 -2.670302 -0.773191
 -1.483668 -2.009758 -2.495261 -0.585729
 -1.811176 -2.079438 -2.246490 -0.501258
 -1.788129 -1.927891 -1.340105 -0.854598
 -1.217396 -1.783790 -3.218859 -0.701181
 -1.693318 -2.386459 -2.163318 -0.495619
 -1.469676 -3.506528 -1.897117 -0.527635
 -2.100060 -1.713287 -1.640528 -0.686368
 -1.386294 -1.885283 -4.025305 -0.544114
 -1.498212 -2.140061 -2.044752 -0.635991
 -1.757856 -1.900956 -1.980998 -0.615763
 -2.013350 -1.697014 -1.555044 -0.750672
 -1.562917 -1.820745 -3.555318 -0.510828
 -1.599387 -2.292529 -2.985666 -0.436239
 -1.397105 -2.335368 -1.824547 -0.703960
 -1.972140 -1.841520 -1.543686 -0.716062
 -1.280934 -1.737691 -3.295815 -0.674800
 -1.670061 -1.734599 -2.650880 -0.571453
 -1.353142 -2.409187 -2.409187 -0.576616
 -1.952101 -1.868720 -1.561236 -0.705570
 -1.279197 -2.179979 -2.953159 -0.586051
 -1.577349 -1.526056 -2.219198 -0.760590
 -1.409825 -4.454252 -1.158511 -0.843431
 -1.775911 -2.082640 -1.246394 -0.871006
 -1.272966 -1.394326 -3.729671 -0.802963
 -1.294728 -1.805550 -2.498689 -0.735114
 -1.335001 -2.057133 -1.799305 -0.812813
 -1.665527 -2.151034 -1.382665 -0.812751
 -1.149165 -1.864783 -14.166170 -0.638340
 -1.120592 -1.631416 -2.730017 -0.884204
 -1.309334 -2.407938 -1.897117 -0.713352
 -2.171813 -1.916922 -1.416147 -0.700528
 -1.489151 -1.523053 -4.890252 -0.599891
 -1.544197 -2.542716 -2.409187 -0.481306
 -1.470176 -2.386459 -2.163318 -0.574090
 -2.197223 -1.761906 -1.417066 -0.744973
 -1.128466 -2.679052 -4.624876 -0.514101
 -1.258041 -1.781286 -2.607957 -0.747216
 -1.109663 -2.313628 -1.871799 -0.873275
 -2.098488 -2.151132 -1.392604 -0.668302
 -1.363305 -2.220751 -2.913891 -0.542326
 -1.189585 -1.931517 -2.442336 -0.768373
 -1.357024 -2.217220 -1.976060 -0.703099
 -2.063285 -1.942657 -1.583713 -0.645444
 -0.435320 -1.115563 -3.680481 -13.989468
 -0.843089 -0.872942 -1.884538 -13.579793
 -0.405468 -1.609437 -2.014899 -13.710155
 -1.229452 -1.187341 -0.910022 -14.972393
 -0.678110 -2.484904 -2.208651 -1.206501
 -0.861662 -2.592046 -1.593522 -1.205757
 -1.111600 -2.740833 -0.809320 -1.824548
 -1.386294 -1.386294 -1.386294 -1.386294
 -14.786291 -0.000001 -14.786291 -14.786291
 -13.038990 -0.000006 -13.038990 -13.038990
 -14.122998 -0.000002 -14.122998 -14.122998
 -14.285517 -0.000002 -14.285517 -14.285517
 -1.386294 -1.386294 -1.386294 -1.386294
 -0.000001 -15.617221 -15.617221 -15.617221
 -1.386294 -1.386294 -1.386294 -1.386294
 -1.386294 -1.386294 -1.386294 -1.386294
 -15.617221 -15.617221 -0.000001 -15.617221
 -1.386294 -1.386294 -1.386294 -1.386294
 -1.386294 -1.386294 -1.386294 -1.386294
 -1.386294 -1.386294 -1.386294 -1.386294
 -1.386294 -1.386294 -1.386294 -1.386294
 -1.386294 -1.386294 -1.386294 -1.386294
 -1.357024 -2.172773 -0.641689 -2.279745
 -1.386294 -1.386294 -1.386294 -1.386294
 -1.412270 -1.958812 -1.682559 -0.845164
 -1.836208 -2.442336 -1.526055 -0.623192
 -1.130462 -1.638056 -2.051618 -1.037804
 -2.517683 -2.517683 -1.131404 -0.661402
 -0.995804 -1.965201 -1.622258 -1.227605
 -1.057371 -2.251286 -1.720662 -0.998530
 -0.990400 -2.014900 -1.358124 -1.435084
 -1.492101 -1.933933 -1.297945 -1.028817
 -1.249569 0.000100 0.000100 0.000100
 -1.645838 0.000100 0.000100 0.000100
 -1.441637 0.000100 0.000100 0.000100
 -1.258849 0.000100 0.000100 0.000100
 -1.216107 -1.688711 -1.297232 -1.404159
 -1.170962 -1.775868 -1.704176 -1.082721
 -1.091177 -1.795498 -1.412761 -1.367810
 -1.730724 -1.413866 -1.325258 -1.158654
 -1.178052 -1.755449 -1.395988 -1.303041
 -1.202836 -1.666797 -1.815940 -1.055200
 -1.024441 -1.643123 -1.589056 -1.412600
 -1.826409 -1.314622 -1.392506 -1.133261
 -1.161878 -1.671855 -1.376786 -1.399115
 -1.149683 -1.813173 -1.774952 -1.048008
 -1.102620 -1.709258 -1.496109 -1.335601
 -1.657102 -1.377326 -1.461096 -1.123699
 -1.269729 -1.763980 -1.223463 -1.372308
 -1.106360 -1.722546 -1.595207 -1.245622
 -1.091706 -1.741556 -1.524078 -1.304578
 -1.738598 -1.491073 -1.290101 -1.127446
 -1.084119 -1.666167 -1.493188 -1.393620
 -1.103280 -1.680595 -1.835788 -1.131752
 -1.036963 -1.698669 -1.473623 -1.454790
 -1.802654 -1.352806 -1.352806 -1.145354
 -1.118476 -1.753179 -1.409249 -1.363855
 -0.993359 -1.627747 -1.838737 -1.293607
 -1.147254 -1.714688 -1.498160 -1.276788
 -1.599189 -1.460280 -1.502098 -1.069715
 -1.230143 -1.576767 -1.385557 -1.382611
 -1.085189 -1.847329 -1.695221 -1.136483
 -1.031460 -1.563522 -1.502037 -1.553813
 -1.680614 -1.406341 -1.280629 -1.234983
 -1.118989 -1.706301 -1.428281 -1.377797
 -1.172070 -1.693187 -1.889398 -1.035132
 -1.159468 -1.559067 -1.455024 -1.416259
 -1.662773 -1.390425 -1.390425 -1.163316
 -1.168774 -1.706697 -1.430888 -1.314191
 -1.133323 -1.596726 -1.873936 -1.133323
 -1.115638 -1.678289 -1.582012 -1.272824
 -1.588928 -1.502544 -1.382464 -1.132170
 -1.240883 -1.642356 -1.347726 -1.356668
 -1.103062 -1.913156 -1.594019 -1.147514
 -1.023345 -1.792775 -1.391383 -1.489964
 -1.681666 -1.558145 -1.251281 -1.147996
 -1.197996 -1.711416 -1.401261 -1.304509
 -1.132846 -1.503477 -2.014302 -1.132846
 -1.129493 -1.507123 -1.543055 -1.420765
 -1.757700 -1.311961 -1.372221 -1.188348
 -1.123004 -1.650427 -1.396791 -1.446718
 -1.071347 -1.689563 -1.773177 -1.193824
 -1.046665 -1.573861 -1.569018 -1.455000
 -1.629162 -1.427768 -1.383174 -1.160654
 -1.178655 -1.793240 -1.320462 -1.351407
 -1.073375 -1.709017 -1.888988 -1.121230
 -1.066399 -1.840549 -1.430926 -1.355042
 -1.760619 -1.556524 -1.231102 -1.123244
 -1.153323 -1.686399 -1.453305 -1.326396
 -1.104766 -1.579224 -1.843375 -1.189759
 -1.061275 -1.581745 -1.613068 -1.389924
 -1.677780 -1.408560 -1.357112 -1.166955
 -1.159333 -1.733072 -1.416588 -1.320418
 -1.064711 -1.676417 -1.788629 -1.200843
 -1.035083 -1.694708 -1.546856 -1.393383
 -1.758641 -1.448486 -1.317458 -1.123990
 -1.158285 -1.694511 -1.329983 -1.436305
 -1.113294 -1.750041 -1.634411 -1.195044
 -1.034681 -1.685040 -1.392137 -1.557417
 -1.704748 -1.498699 -1.244324 -1.182128
 -1.174075 -1.658037 -1.537135 -1.253911
 -1.131060 -1.611721 -2.122546 -1.027114
 -1.077125 -1.526925 -1.514997 -1.503209
 -1.627988 -1.252763 -1.594512 -1.155329
 -1.078273 -1.643497 -1.524839 -1.390871
 -0.978208 -1.681882 -1.953815 -1.216518
 -0.998367 -1.519502 -1.738767 -1.439858
 -1.501807 -1.465075 -1.471654 -1.149906
 -1.081495 -1.888867 -1.301588 -1.437297
 -1.126631 -1.956594 -1.632007 -1.081752
 -1.030070 -1.883697 -1.342234 -1.470852
 -1.617438 -1.654252 -1.207965 -1.166183
 -1.038765 -1.800609 -1.378979 -1.473706
 -1.055537 -1.539070 -1.809803 -1.295622
 -0.926895 -1.639419 -1.592701 -1.576240
 -1.716743 -1.391075 -1.320167 -1.189244
 -0.676503 -1.387694 -1.418991 -16.475771
 -0.548317 -1.390633 -1.753538 -16.039053
 -0.648905 -1.499277 -1.370065 -16.156355
 -1.051454 -0.969481 -1.304565 -16.248247
 -1.363842 -1.808243 -1.362067 -1.126238
 -1.145247 -2.204444 -1.848495 -0.881723
 -1.181672 -1.736766 -1.554444 -1.184697
 -1.386294 -1.386294 -1.386294 -1.386294
 -16.374287 -0.000000 -16.374287 -16.374287
 -15.745583 -0.000001 -15.745583 -15.745583
 -16.107035 -0.000000 -16.107035 -16.107035
 -16.564062 -0.000000 -16.564062 -16.564062
 -1.386294 -1.386294 -1.386294 -1.386294
 0.000000 -17.629259 -17.629259 -17.629259
 -1.386294 -1.386294 -1.386294 -1.386294
 -1.386294 -1.386294 -1.386294 -1.386294
 -17.629259 -17.629259 0.000000 -17.629259
 -1.386294 -1.386294 -1.386294 -1.386294
 -1.386294 -1.386294 -1.386294 -1.386294
 -1.386294 -1.386294 -1.386294 -1.386294
 -1.386294 -1.386294 -1.386294 -1.386294
 -1.386294 -1.386294 -1.386294 -1.386294
 -1.011601 -1.518188 -1.713279 -1.439773
 -1.386294 -1.386294 -1.386294 -1.386294
 -1.136329 -1.995672 -1.214955 -1.400965
 -1.119987 -1.857305 -2.164532 -0.909266
 -1.122143 -2.070910 -1.877325 -0.927987
 -1.632038 -1.685840 -1.316185 -1.046900
 -1.130725 -1.724122 -1.270604 -1.522301
 -1.116391 -1.679375 -1.663750 -1.215295
 -0.986093 -1.854724 -1.410200 -1.485549
 -1.590365 -1.433890 -1.500101 -1.094636
