 -1.341038 0.000100 0.000100 0.000100
 -1.834319 0.000100 0.000100 0.000100
 -1.777966 0.000100 0.000100 0.000100
 -0.892276 0.000100 0.000100 0.000100
 -1.013817 -2.088327 -2.329487 -0.877242
 -1.526055 -2.036876 -3.540915 -0.472910
 -1.112407 -1.987870 -2.498689 -0.793954
 -1.487270 -1.649788 -1.487270 -1.033016
 -1.003303 -1.696448 -2.302580 -1.049823
 -1.260254 -1.719784 -3.511501 -0.678335
 -0.781704 -2.131620 -2.131620 -1.187167
 -1.791758 -1.760010 -1.397105 -0.881942
 -1.058122 -2.156729 -2.156729 -0.863966
 -1.245938 -2.093229 -2.681007 -0.652876
 -0.770708 -2.818379 -2.125244 -1.026641
 -1.504077 -1.707675 -1.380463 -1.064127
 -1.219241 -1.663925 -1.838278 -1.032655
 -1.170073 -2.114525 -3.367253 -0.626459
 -1.157454 -2.051265 -2.169047 -0.814511
 -1.650986 -1.780198 -1.409825 -0.927988
 -1.054938 -1.722765 -2.521267 -0.934310
 -0.952660 -1.763586 -2.862181 -0.952660
 -1.112407 -1.987870 -2.211011 -0.856474
 -1.620801 -1.918052 -1.462577 -0.858663
 -1.272966 -1.737270 -2.343402 -0.802963
 -1.511457 -1.821609 -2.833194 -0.581925
 -0.949083 -2.517683 -1.929905 -0.949083
 -1.710413 -1.843944 -1.710413 -0.733500
 -1.262242 -2.178528 -2.466207 -0.656108
 -1.098614 -2.397885 -2.110207 -0.788460
 -1.047321 -1.963604 -1.963604 -0.998531
 -2.135150 -2.017367 -1.252763 -0.769912
 -1.473305 -1.568615 -1.999395 -0.850778
 -1.331235 -1.890845 -2.178523 -0.751420
 -1.283347 -2.339391 -1.779781 -0.781257
 -1.897119 -2.162821 -1.220780 -0.820981
 -1.054650 -2.003726 -2.409187 -0.851052
 -1.133100 -1.880309 -2.978899 -0.745336
 -1.302913 -2.324557 -1.749198 -0.784121
 -2.079439 -2.212970 -1.407348 -0.652326
 -1.417066 -1.822529 -2.397888 -0.683099
 -1.533929 -2.833188 -2.833188 -0.405470
 -1.531476 -2.512294 -1.531476 -0.720549
 -1.970241 -1.871801 -1.260001 -0.860202
 -1.203974 -1.984127 -2.436107 -0.744443
 -1.558143 -2.656739 -2.251282 -0.487707
 -1.247033 -1.757856 -2.856455 -0.728241
 -1.841029 -2.202041 -1.445718 -0.702810
 -1.016936 -2.145395 -2.597374 -0.805627
 -1.405342 -2.178523 -2.583980 -0.569099
 -1.432104 -2.595241 -2.258774 -0.541134
 -2.293450 -2.017198 -1.492675 -0.613811
 -1.075357 -1.670061 -3.056337 -0.859134
 -1.446918 -1.734598 -1.852379 -0.840787
 -1.719784 -2.125244 -2.258774 -0.515817
 -1.937213 -1.796135 -1.482478 -0.770284
 -1.158511 -1.746295 -3.355706 -0.740777
 -1.043806 -3.164040 -2.470909 -0.651765
 -1.004585 -2.183231 -2.183231 -0.895386
 -2.022281 -1.556920 -1.580450 -0.796332
 -1.358124 -1.475906 -3.267645 -0.741939
 -1.749197 -2.442336 -2.036876 -0.496440
 -1.998090 -2.468086 -1.679640 -0.522193
 -1.655718 -1.892106 -1.796796 -0.708338
 -1.264598 -2.044752 -2.833198 -0.635991
 -1.341174 -1.776489 -2.564935 -0.708654
 -1.270463 -2.656739 -1.558143 -0.824178
 -2.083894 -2.083894 -1.464857 -0.653927
 -1.075357 -1.877699 -4.442556 -0.704984
 -1.504076 -1.791756 -2.043067 -0.730891
 -1.359626 -2.106835 -1.906166 -0.748720
 -1.955083 -1.418780 -1.700192 -0.835196
 -1.143565 -1.620487 -4.510764 -0.749661
 -1.435084 -2.128227 -3.332176 -0.498994
 -1.438480 -2.691225 -2.468086 -0.494023
 -1.504077 -1.732918 -1.527067 -0.957534
 -0.983951 -1.839613 -13.883173 -0.760808
 -1.639742 -1.902103 -3.106053 -0.491124
 -1.466336 -3.258054 -1.060874 -0.955514
 -2.149820 -2.619821 -1.302525 -0.618347
 -0.681976 -0.933290 -2.291405 -13.698981
 -0.606141 -1.011604 -2.397879 -12.994539
 -0.706222 -1.704746 -1.124931 -13.554151
 -1.325140 -0.936770 -1.071945 -14.613020
 -14.322330 -14.322330 -14.322330 -0.000002
 -14.234223 -14.234223 -14.234223 -0.000002
 -13.946543 -13.946543 -13.946543 -0.000003
 -1.386294 -1.386294 -1.386294 -1.386294
 -1.386294 -1.386294 -1.386294 -1.386294
 -1.386294 -1.386294 -1.386294 -1.386294
 -1.386294 -1.386294 -1.386294 -1.386294
 -1.711716 -2.849547 -0.511598 -1.819930
 -13.567055 -0.000004 -13.567055 -13.567055
 -12.429232 -0.000012 -12.429232 -12.429232
 -14.767170 -0.000001 -14.767170 -14.767170
 -13.458841 -0.000004 -13.458841 -13.458841
 -1.386294 -1.386294 -1.386294 -1.386294
 -0.000001 -15.278767 -15.278767 -15.278767
 -1.386294 -1.386294 -1.386294 -1.386294
 -1.386294 -1.386294 -1.386294 -1.386294
 -15.278767 -15.278767 -0.000001 -15.278767
 -1.386294 -1.386294 -1.386294 -1.386294
 -1.386294 -1.386294 -1.386294 -1.386294
 -1.386294 -1.386294 -1.386294 -1.386294
 -1.386294 -1.386294 -1.386294 -1.386294
 -1.386294 -1.386294 -1.386294 -1.386294
 -1.289302 -2.136599 -0.760158 -1.974080
 -1.386294 -1.386294 -1.386294 -1.386294
 -1.313388 -2.476532 -1.834683 -0.718682
 -1.041456 -1.533929 -3.931733 -0.887306
 -1.416447 -1.697349 -2.012429 -0.819632
 -1.696447 -2.014897 -1.321756 -0.875471
 -1.234745 -1.655957 -1.481604 -1.234745
 -1.098614 -2.580203 -1.550596 -0.970781
 -1.007643 -1.945905 -1.435084 -1.370546
 -1.434049 -2.127194 -1.202248 -1.073036
 -1.242357 0.000100 0.000100 0.000100
 -1.612231 0.000100 0.000100 0.000100
 -1.547911 0.000100 0.000100 0.000100
 -1.206766 0.000100 0.000100 0.000100
 -1.246743 -1.791759 -1.246743 -1.353037
 -1.102115 -1.685699 -2.254792 -0.973861
 -1.177017 -1.769067 -1.313593 -1.376506
 -1.717651 -1.446336 -1.316525 -1.148802
 -1.299283 -1.510592 -1.318514 -1.431455
 -1.031804 -1.766623 -1.903198 -1.128135
 -1.034255 -1.857454 -1.489730 -1.335579
 -1.515828 -1.424394 -1.484412 -1.161284
 -1.278081 -1.709521 -1.367426 -1.252763
 -1.223776 -1.774606 -1.696134 -1.041454
 -0.969401 -1.873370 -1.531084 -1.383165
 -1.715893 -1.391233 -1.421386 -1.108514
 -1.177393 -1.677349 -1.376244 -1.376244
 -1.174120 -2.061422 -1.457888 -1.105912
 -0.969679 -1.746908 -1.541465 -1.459227
 -1.746909 -1.462522 -1.210108 -1.217830
 -1.074340 -1.614364 -1.577996 -1.374084
 -1.132902 -1.758607 -1.758607 -1.098613
 -1.196674 -1.540445 -1.375365 -1.466337
 -1.870540 -1.438119 -1.346685 -1.054161
 -1.137227 -1.956062 -1.280934 -1.346685
 -1.115476 -1.871801 -2.011563 -0.955512
 -1.013141 -1.689480 -1.609438 -1.377106
 -1.721800 -1.362427 -1.440898 -1.113211
 -1.245595 -1.676377 -1.427916 -1.253963
 -1.196538 -1.639743 -1.927424 -1.026639
 -1.171492 -1.854382 -1.268867 -1.376755
 -1.787182 -1.377162 -1.217830 -1.257361
 -1.215722 -1.598714 -1.473551 -1.301082
 -1.189090 -1.623375 -1.774606 -1.112550
 -1.129999 -1.685276 -1.432279 -1.375121
 -1.666033 -1.502882 -1.410509 -1.065668
 -1.279914 -1.640528 -1.449473 -1.226330
 -1.038595 -1.866660 -2.117974 -0.991192
 -1.000757 -1.677096 -1.644306 -1.376992
 -1.632968 -1.509908 -1.276294 -1.188588
 -1.334518 -1.708377 -1.325386 -1.238374
 -1.035434 -1.956838 -1.728580 -1.120592
 -1.244705 -1.707989 -1.314501 -1.338892
 -1.564486 -1.480226 -1.450373 -1.112502
 -1.002598 -1.738917 -1.601716 -1.363305
 -0.969739 -1.517174 -1.957124 -1.346216
 -1.186682 -1.666254 -1.340832 -1.409825
 -1.782585 -1.228858 -1.551256 -1.117218
 -1.240984 -1.768339 -1.317618 -1.300073
 -1.055661 -1.776206 -1.833365 -1.130462
 -1.143217 -1.462987 -1.726801 -1.302644
 -1.702219 -1.536234 -1.344157 -1.073611
 -1.290984 -1.714798 -1.281934 -1.318636
 -1.252763 -1.609438 -1.742969 -1.080913
 -1.193610 -1.742969 -1.361602 -1.325670
 -1.678595 -1.551256 -1.302360 -1.110200
 -1.087802 -1.813738 -1.526056 -1.263692
 -1.056053 -1.631416 -1.931520 -1.166054
 -1.034074 -1.666596 -1.516656 -1.443453
 -1.859092 -1.390956 -1.276294 -1.151131
 -1.072452 -1.933933 -1.443311 -1.283346
 -1.012467 -1.623375 -1.816278 -1.284400
 -0.977700 -1.654317 -1.590804 -1.474732
 -1.741927 -1.485994 -1.423473 -1.028161
 -1.280478 -1.910112 -1.201698 -1.297008
 -1.091260 -1.938556 -1.710298 -1.080331
 -0.979752 -1.801515 -1.351315 -1.606207
 -1.901144 -1.484984 -1.153081 -1.176249
 -1.314747 -1.574258 -1.446919 -1.241320
 -1.160744 -1.423108 -1.879866 -1.226994
 -1.183770 -1.417385 -1.505354 -1.471452
 -1.530544 -1.361723 -1.542105 -1.160170
 -1.046166 -1.791759 -1.444358 -1.401798
 -0.943199 -2.019336 -2.270650 -0.981813
 -1.098613 -1.539345 -1.863584 -1.213923
 -1.885578 -1.692387 -1.333013 -0.915048
 -1.221921 -2.328437 -1.035671 -1.374760
 -1.213388 -1.803880 -1.566209 -1.110734
 -1.049823 -2.051269 -1.386294 -1.304056
 -2.034072 -1.766758 -1.067457 -1.037244
 -0.819974 -1.044691 -1.571390 -15.099219
 -0.867501 -0.980830 -1.584745 -14.508659
 -0.835195 -1.133459 -1.409390 -15.292561
 -1.330414 -0.772041 -1.296223 -15.285687
 -15.516617 -15.516617 -15.516617 -0.000001
 -15.509291 -15.509291 -15.509291 -0.000001
 -15.045153 -15.045153 -15.045153 -0.000001
 -1.386294 -1.386294 -1.386294 -1.386294
 -1.386294 -1.386294 -1.386294 -1.386294
 -1.386294 -1.386294 -1.386294 -1.386294
 -1.386294 -1.386294 -1.386294 -1.386294
 -1.779285 -1.619249 -1.371069 -0.969274
 -14.699280 -0.000001 -14.699280 -14.699280
 -14.859316 -0.000001 -14.859316 -14.859316
 -15.107495 -0.000001 -15.107495 -15.107495
 -15.509291 -0.000001 -15.509291 -15.509291
 -1.386294 -1.386294 -1.386294 -1.386294
 -0.000000 -16.478563 -16.478563 -16.478563
 -1.386294 -1.386294 -1.386294 -1.386294
 -1.386294 -1.386294 -1.386294 -1.386294
 -16.478563 -16.478563 -0.000000 -16.478563
 -1.386294 -1.386294 -1.386294 -1.386294
 -1.386294 -1.386294 -1.386294 -1.386294
 -1.386294 -1.386294 -1.386294 -1.386294
 -1.386294 -1.386294 -1.386294 -1.386294
 -1.386294 -1.386294 -1.386294 -1.386294
 -1.033812 -1.591469 -1.612231 -1.421784
 -1.386294 -1.386294 -1.386294 -1.386294
 -1.146815 -2.044755 -1.314430 -1.257677
 -1.332948 -1.706461 -2.121404 -0.832567
 -1.167356 -1.967111 -1.704748 -1.002032
 -1.656784 -1.597943 -1.451990 -0.986627
 -1.124321 -1.933299 -1.222761 -1.443751
 -1.014882 -1.672521 -1.720149 -1.306588
 -1.056873 -1.936121 -1.429852 -1.313593
 -1.490338 -1.783885 -1.277777 -1.114549
