 -1.162059 0.000100 0.000100 0.000100
 -1.508184 0.000100 0.000100 0.000100
 -1.850848 0.000100 0.000100 0.000100
 -1.175246 0.000100 0.000100 0.000100
 -1.077014 -1.822803 -1.426389 -1.356185
 -0.993253 -1.591088 -2.602684 -1.044546
 -0.916292 -1.343735 -1.609437 -1.972341
 -1.528714 -1.342998 -1.731655 -1.063827
 -0.985131 -1.020222 -1.480746 -3.253804
 -0.712197 -1.307704 -1.773066 -2.671002
 -0.842184 -1.038894 -1.571697 -4.867438
 -1.475906 -0.731988 -1.475906 -2.782152
 -0.000001 -14.805053 -14.805053 -14.805053
 -0.000001 -14.823470 -14.823470 -14.823470
 -0.000002 -14.253768 -14.253768 -14.253768
 -0.000009 -12.736712 -12.736712 -12.736712
 -15.806122 -15.806122 -0.000000 -15.806122
 -1.386294 -1.386294 -1.386294 -1.386294
 -1.386294 -1.386294 -1.386294 -1.386294
 -1.386294 -1.386294 -1.386294 -1.386294
 -1.386294 -1.386294 -1.386294 -1.386294
 -1.386294 -1.386294 -1.386294 -1.386294
 -15.806122 -15.806122 -0.000000 -15.806122
 -1.386294 -1.386294 -1.386294 -1.386294
 -1.386294 -1.386294 -1.386294 -1.386294
 -1.386294 -1.386294 -1.386294 -1.386294
 -15.806122 -15.806122 -15.806122 -0.000000
 -1.386294 -1.386294 -1.386294 -1.386294
 -1.386294 -1.386294 -1.386294 -1.386294
 -1.386294 -1.386294 -1.386294 -1.386294
 -1.386294 -1.386294 -1.386294 -1.386294
 -0.000001 -15.806122 -15.806122 -15.806122
 -0.737848 -1.808288 -2.858109 -1.202153
 -1.386294 -1.386294 -1.386294 -1.386294
 -1.386294 -1.386294 -1.386294 -1.386294
 -1.386294 -1.386294 -1.386294 -1.386294
 -0.874327 -1.623826 -1.906689 -1.439092
 -0.875470 -1.897118 -2.484900 -1.049823
 -1.540443 -1.658225 -2.128221 -0.741942
 -1.188935 -2.449185 -1.049823 -1.350576
 -1.151455 -1.942239 -1.968215 -0.914455
 -0.998530 -2.171245 -2.790277 -0.784956
 -1.386294 -1.974079 -2.772580 -0.600367
 -1.165133 -2.012429 -1.781906 -0.951560
 -0.819781 -2.057652 -2.166852 -1.148284
 -0.810932 -1.650680 -2.515670 -1.262916
 -1.145133 -1.432814 -2.685565 -0.980831
 -1.218757 -2.000850 -1.850028 -0.886855
 -0.988377 -1.632252 -2.182297 -1.140845
 -1.163152 -1.828125 -3.109045 -0.729517
 -1.132515 -1.455287 -2.101910 -1.132515
 -1.386294 -1.401562 -2.174750 -0.941221
 -0.933913 -1.907360 -2.032523 -1.116234
 -1.006806 -1.754018 -2.747263 -0.922723
 -1.195240 -1.440361 -2.251285 -1.034898
 -1.576767 -1.458984 -1.840918 -0.910771
 -1.063827 -1.570387 -2.053237 -1.143869
 -1.194627 -2.065453 -3.164054 -0.638340
 -1.466337 -1.871799 -2.208269 -0.682220
 -1.639179 -1.602138 -1.658228 -0.882085
 -1.098613 -2.014901 -2.382624 -0.818653
 -1.069199 -2.189786 -2.595248 -0.754706
 -0.885833 -1.439216 -2.272120 -1.396657
 -1.518892 -1.612711 -1.716251 -0.911401
 -1.382999 0.000100 0.000100 0.000100
 -1.670681 0.000100 0.000100 0.000100
 -1.586598 0.000100 0.000100 0.000100
 -1.031602 0.000100 0.000100 0.000100
 -1.034898 -1.932834 -1.195240 -1.622682
 -0.907560 -1.845823 -1.558143 -1.478101
 -0.869040 -2.517683 -1.929905 -1.036094
 -1.909540 -1.686398 -1.098613 -1.098613
 -1.154494 -1.577349 -1.225952 -1.688574
 -0.862227 -1.727217 -1.504076 -1.727217
 -0.826681 -1.817075 -1.491654 -1.742967
 -1.746295 -1.318853 -1.621133 -1.020362
 -0.000003 -13.795312 -13.795312 -13.795312
 -0.000005 -13.353481 -13.353481 -13.353481
 -0.000004 -13.487012 -13.487012 -13.487012
 -0.000004 -13.458841 -13.458841 -13.458841
 -14.924074 -14.924074 -0.000001 -14.924074
 -1.386294 -1.386294 -1.386294 -1.386294
 -1.386294 -1.386294 -1.386294 -1.386294
 -1.386294 -1.386294 -1.386294 -1.386294
 -1.386294 -1.386294 -1.386294 -1.386294
 -1.386294 -1.386294 -1.386294 -1.386294
 -14.924074 -14.924074 -0.000001 -14.924074
 -1.386294 -1.386294 -1.386294 -1.386294
 -1.386294 -1.386294 -1.386294 -1.386294
 -1.386294 -1.386294 -1.386294 -1.386294
 -14.924074 -14.924074 -14.924074 -0.000001
 -1.386294 -1.386294 -1.386294 -1.386294
 -1.386294 -1.386294 -1.386294 -1.386294
 -1.386294 -1.386294 -1.386294 -1.386294
 -1.386294 -1.386294 -1.386294 -1.386294
 -0.000001 -14.924074 -14.924074 -14.924074
 -1.294892 -1.465237 -1.724748 -1.149385
 -1.386294 -1.386294 -1.386294 -1.386294
 -1.386294 -1.386294 -1.386294 -1.386294
 -1.386294 -1.386294 -1.386294 -1.386294
 -1.086637 -1.585626 -1.710788 -1.283347
 -1.358124 -1.850597 -1.850597 -0.847300
 -0.730891 -1.686396 -1.909537 -1.686396
 -1.619908 -1.619908 -1.473305 -0.980831
 -1.076873 -1.945907 -1.291984 -1.419817
 -0.865000 -2.433600 -1.845823 -1.098614
 -0.889860 -2.926713 -0.980832 -1.828123
 -1.417066 -1.761905 -1.011602 -1.504077
 -1.098613 -1.734599 -1.292769 -1.533930
 -1.239692 -1.335002 -2.251277 -1.072640
 -1.252764 -2.112959 -1.178656 -1.252764
 -1.974077 -1.443452 -1.280934 -1.057792
 -0.960464 -1.996550 -1.686397 -1.216396
 -1.192140 -1.252764 -2.233583 -1.192140
 -1.014732 -1.897117 -1.817075 -1.123931
 -1.746295 -1.889395 -1.196252 -0.988613
 -1.056054 -1.882728 -1.087803 -1.813736
 -1.178656 -2.005327 -1.466336 -1.118032
 -1.003304 -1.321756 -1.455287 -2.014897
 -1.650680 -1.550597 -1.262916 -1.161133
 -1.022902 -2.542716 -1.397594 -1.156433
 -1.170073 -1.863214 -1.662545 -1.064713
 -1.075357 -2.245420 -1.264598 -1.307157
 -1.490090 -1.554629 -1.218158 -1.318241
 -1.375823 -1.462834 -1.335001 -1.375823
 -1.203974 -2.302570 -1.609435 -0.916295
 -0.890975 -1.648657 -1.466337 -1.791757
 -1.555370 -1.934857 -1.280934 -1.003304
